MutationType	SBS1	SBS2	SBS3	SBS4	SBS5	SBS6	SBS7a	SBS7b	SBS7c	SBS7d	SBS8	SBS9	SBS10a	SBS10b	SBS10c	SBS10d	SBS11	SBS12	SBS13	SBS14	SBS15	SBS16	SBS17a	SBS17b	SBS18	SBS19	SBS20	SBS21	SBS22a	SBS22b	SBS23	SBS24	SBS25	SBS26	SBS27	SBS28	SBS29	SBS30	SBS31	SBS32	SBS33	SBS34	SBS35	SBS36	SBS37	SBS38	SBS39	SBS40a	SBS40b	SBS40c	SBS41	SBS42	SBS43	SBS44	SBS45	SBS46	SBS47	SBS48	SBS49	SBS50	SBS51	SBS52	SBS53	SBS54	SBS55	SBS56	SBS57	SBS58	SBS59	SBS60	SBS84	SBS85	SBS86	SBS87	SBS88	SBS89	SBS90	SBS91	SBS92	SBS93	SBS94	SBS95	SBS96	SBS97	SBS98	SBS99
A[C>A]A	0.00029621	0.00000047	0.01621073	0.02776027	0.00905572	0.00017655	0.00004512	0.00145618	0.00498685	0.00004018	0.03520522	0.00052406	0.00185421	0.00009376	0.00358328	0.00867688	0.00009926	0.00443931	0.00149568	0.00080328	0.00040725	0.01652747	0.00166238	0.00056700	0.03435646	0.00085853	0.00040996	0.00013857	0.00560338	0.00621336	0.00051001	0.02049792	0.00770513	0.00079881	0.00504705	0.00088629	0.03747600	0.00120977	0.00670010	0.01569117	0.00262444	0.00574702	0.00619237	0.01818888	0.00384712	0.00814476	0.00823718	0.02745788	0.01229440	0.00291541	0.00204207	0.00078966	0.02253690	0.00000000	0.00548979	0.00352113	0.06825574	0.00030895	0.00895311	0.08964006	0.11656778	0.01013171	0.00298257	0.00153921	0.00463743	0.01089713	0.01125489	0.05136375	0.00234432	0.00488412	0.00237095	0.00694747	0.00205152	0.00370963	0.00000000	0.02504520	0.00282631	0.00167753	0.00904739	0.01058944	0.01064262	0.02505864	0.00949956	0.00547732	0.00378786	0.00000304
A[C>A]C	0.00111799	0.00017540	0.01886062	0.03212834	0.01044832	0.00031926	0.00017693	0.00042256	0.00174144	0.00111560	0.05596662	0.00563380	0.00219797	0.00494166	0.01799399	0.02321016	0.00055042	0.00162775	0.00086903	0.01378003	0.00031447	0.00439356	0.00108127	0.00017644	0.01545934	0.00063554	0.00135021	0.00305511	0.00012845	0.00569323	0.00035744	0.02188704	0.00799053	0.00070859	0.00673459	0.00419483	0.04452858	0.00049878	0.01905623	0.01940176	0.00276003	0.01204636	0.04751936	0.00880768	0.00207128	0.00942589	0.00738298	0.01855889	0.00607596	0.00714963	0.00173173	0.02056746	0.00661084	0.00015059	0.00251892	0.00551646	0.04385293	0.00044571	0.00367780	0.14031097	0.00204917	0.00639366	0.00159366	0.00083194	0.00237130	0.01991470	0.00191913	0.00863332	0.00226988	0.00090736	0.00501511	0.00147465	0.00384426	0.00277273	0.00000000	0.02020417	0.00133344	0.04428284	0.01141357	0.01086526	0.02479317	0.01663451	0.00947173	0.00739710	0.00427115	0.00000812
A[C>A]G	0.00014925	0.00010659	0.00344000	0.02588311	0.00352123	0.00005445	0.00012095	0.00029319	0.00098175	0.00062695	0.00930231	0.00100910	0.00032032	0.00006952	0.00137110	0.00157210	0.00016130	0.00133768	0.00054720	0.00074710	0.00005015	0.00265746	0.00009640	0.00013690	0.00408873	0.00041944	0.00003640	0.00065450	0.00184747	0.00252331	0.00000015	0.02102087	0.00284638	0.00026310	0.00191312	0.00100651	0.02871560	0.00015480	0.00294050	0.00791527	0.00088116	0.00015484	0.00245862	0.00407788	0.00260390	0.00304932	0.00474116	0.00713178	0.00252297	0.00395106	0.00014986	0.00005733	0.00120622	0.00000158	0.00252305	0.00060552	0.00350404	0.00023514	0.00639662	0.01096255	0.01000878	0.00696017	0.05327377	0.00294760	0.00008930	0.00044935	0.00768530	0.00181458	0.00023388	0.00000000	0.00077961	0.00088191	0.00067517	0.00647420	0.00000000	0.01899037	0.00044865	0.00029342	0.00945976	0.00406317	0.00271238	0.01375707	0.00418635	0.00232757	0.03576558	0.00010310
A[C>A]T	0.00043422	0.00008019	0.00964774	0.01969063	0.00506138	0.00007587	0.00016959	0.00045024	0.00205334	0.00408598	0.03807085	0.00290651	0.01460464	0.00000852	0.01101956	0.01235817	0.00018350	0.00121580	0.00029018	0.06011081	0.00048589	0.01111011	0.00005035	0.00043149	0.01448576	0.00039166	0.00083330	0.00055616	0.00162648	0.00369372	0.00000000	0.01257064	0.00392489	0.00057471	0.00267359	0.00455384	0.02141965	0.00037917	0.00447526	0.01042389	0.00162688	0.00147280	0.01537007	0.01310946	0.00182825	0.00571397	0.00528629	0.01181542	0.00441113	0.00643614	0.00130607	0.00550510	0.00160461	0.00401453	0.00589441	0.00276080	0.01215578	0.00001425	0.00288460	0.06359234	0.01778368	0.00624939	0.00000961	0.00029934	0.00093629	0.02018346	0.00802188	0.00493744	0.00960764	0.00035778	0.00644115	0.00315040	0.00255350	0.00207970	0.00200151	0.01638717	0.00228620	0.00007562	0.00628628	0.00781806	0.00767725	0.01542083	0.00995825	0.00467165	0.00164055	0.00002477
A[C>G]A	0.00062185	0.00000000	0.01535343	0.00453242	0.00762189	0.00019566	0.00004371	0.00000535	0.00115637	0.00117327	0.00345666	0.00454559	0.00000000	0.00015713	0.00028759	0.00011058	0.00011558	0.00119822	0.00318036	0.00000000	0.00004875	0.00179736	0.00081111	0.00013616	0.00115411	0.00215646	0.00580834	0.00001492	0.00154769	0.00426642	0.00000000	0.00188085	0.00624972	0.00039071	0.00127872	0.00017409	0.00186194	0.00071914	0.00584327	0.00140024	0.00118986	0.00089923	0.00251061	0.00132808	0.03340660	0.00171167	0.03330075	0.00619650	0.00654182	0.00689981	0.00515841	0.00027638	0.00027579	0.00217674	0.00187412	0.00096031	0.00103692	0.00007155	0.00010273	0.00290012	0.00327382	0.00115315	0.00389729	0.00110453	0.00224773	0.00036151	0.01409149	0.01796423	0.00191986	0.00029940	0.00461495	0.00826683	0.03646804	0.00325232	0.00000000	0.01153597	0.00065222	0.00013862	0.00244035	0.00810392	0.00478441	0.00235964	0.00772440	0.00157552	0.00296729	0.00035471
A[C>G]C	0.00059822	0.00015763	0.01337389	0.00274007	0.00630883	0.00017608	0.00002134	0.00017324	0.00048306	0.00371867	0.00345401	0.00269981	0.00003017	0.00010125	0.00039449	0.00036754	0.00028917	0.00092479	0.00114625	0.00000608	0.00017021	0.00304519	0.00067020	0.00005937	0.00253416	0.00177474	0.00146677	0.00093077	0.00026260	0.00406081	0.00003653	0.00303115	0.00187207	0.00050729	0.00251482	0.00037140	0.00228731	0.00046034	0.00325501	0.00209498	0.00160898	0.00195580	0.00467994	0.00176789	0.01599886	0.00147455	0.02323315	0.00621898	0.01314844	0.00491812	0.00448548	0.00050520	0.00003506	0.00023392	0.00170580	0.00176057	0.00091102	0.00006042	0.00007063	0.00121529	0.00550488	0.00148599	0.00443949	0.00051839	0.00019433	0.00021056	0.00420062	0.00222548	0.00233693	0.00068489	0.01082881	0.00427571	0.07976856	0.00238550	0.00675058	0.00671794	0.00052178	0.00010409	0.00197926	0.00727107	0.00399766	0.00268564	0.00308635	0.00218743	0.00206034	0.01419848
A[C>G]G	0.00009697	0.00003098	0.00049732	0.00212374	0.00327379	0.00000000	0.00008629	0.00079603	0.00000000	0.00227208	0.00057586	0.00322155	0.00000000	0.00000000	0.00008847	0.00005821	0.00010222	0.00018601	0.00054720	0.00007070	0.00003340	0.00220673	0.00030788	0.00000000	0.00323060	0.00105029	0.00078344	0.00000000	0.00055786	0.00218670	0.00000000	0.00130670	0.00000000	0.00015761	0.00000000	0.00000000	0.00134006	0.00022207	0.00531416	0.00200544	0.00053849	0.00000000	0.00061200	0.00091024	0.01314234	0.00102072	0.02414974	0.00284855	0.00362043	0.00596438	0.00295362	0.00003038	0.00853604	0.00005420	0.00041038	0.00000000	0.00083284	0.00007314	0.00018353	0.00157124	0.00410777	0.00137522	0.00350964	0.00305544	0.00101450	0.00093361	0.00639288	0.00371714	0.00136704	0.00055284	0.00007923	0.00121675	0.00869655	0.03197369	0.00000000	0.01188133	0.00014959	0.00006797	0.00182747	0.00376534	0.00094821	0.00131981	0.00340521	0.00098352	0.10165860	0.00003891
A[C>G]T	0.00038672	0.00007478	0.01375989	0.00236955	0.00773373	0.00010706	0.00006540	0.00018073	0.00202191	0.00293585	0.00462520	0.00610843	0.00000000	0.00000000	0.00043339	0.00009278	0.00036906	0.00143505	0.00333543	0.00014846	0.00014226	0.01205343	0.00001597	0.00030185	0.00276177	0.00146788	0.00297031	0.00005544	0.00005858	0.00394310	0.00000000	0.00162847	0.00270873	0.00067591	0.00129748	0.00009556	0.00149817	0.00049851	0.00269371	0.00124944	0.00111313	0.00243073	0.00674576	0.00139883	0.01857900	0.00157538	0.03100338	0.00639931	0.01931953	0.00566406	0.00812121	0.00029770	0.00027441	0.00228508	0.00087438	0.00178640	0.00175697	0.00025152	0.00006370	0.00150573	0.00075497	0.00115654	0.00171005	0.00374542	0.00101632	0.00010794	0.00470728	0.00179624	0.00253774	0.00020145	0.02050580	0.01509503	0.06488164	0.00407777	0.00467019	0.00861131	0.00120326	0.00004677	0.00333512	0.01290662	0.00493763	0.00093821	0.00537678	0.00203760	0.00081709	0.00004422
A[C>T]A	0.00835817	0.00004937	0.01106694	0.00572309	0.02460136	0.02662812	0.00008222	0.00088121	0.00137319	0.00331100	0.00543645	0.00760729	0.00088054	0.00028284	0.00402638	0.00117354	0.01754041	0.00541164	0.00590052	0.00889340	0.00217861	0.00181802	0.00097976	0.00053250	0.00613746	0.01892815	0.03265122	0.00191532	0.00164092	0.00417684	0.01380398	0.00664493	0.01634421	0.00243395	0.01327152	0.00087838	0.00301824	0.07124184	0.01243099	0.06079451	0.00448095	0.00415390	0.00154984	0.00430181	0.00607747	0.00219527	0.00675872	0.02160561	0.01471882	0.01925546	0.00956193	0.01524855	0.00002215	0.06153748	0.00080147	0.01216391	0.00429870	0.00010371	0.00020510	0.00265154	0.02959664	0.00179305	0.00400263	0.00105464	0.00403014	0.00639990	0.02983003	0.07020003	0.00255982	0.00219190	0.03679744	0.00157086	0.00605831	0.00389671	0.01183540	0.03884839	0.00090890	0.00898051	0.01897937	0.00818097	0.00514406	0.00830629	0.01868890	0.00445957	0.00140034	0.01833123
A[C>T]C	0.00309899	0.00163553	0.01417404	0.00403293	0.01981195	0.01395246	0.01749532	0.03492341	0.01162982	0.00204162	0.00330180	0.00746581	0.00103565	0.00396693	0.00636931	0.00247052	0.14657840	0.00305384	0.00000000	0.01062430	0.00437218	0.00565103	0.00201414	0.00009616	0.00454974	0.01397983	0.01262783	0.00507459	0.00029627	0.00412853	0.07247316	0.00925037	0.01495370	0.00340877	0.00770073	0.00560416	0.00374840	0.08911082	0.00955902	0.12693706	0.00263626	0.00642126	0.00410395	0.00347226	0.00437112	0.00200650	0.00417164	0.02269644	0.00851489	0.02355629	0.00476937	0.03973713	0.00014342	0.01696678	0.00053118	0.01044606	0.00138794	0.00023213	0.00015852	0.00198866	0.00685079	0.00205301	0.00159366	0.00055288	0.00026952	0.00124562	0.01731245	0.00864611	0.00273919	0.00156081	0.04217245	0.00247766	0.00208738	0.00215604	0.00000000	0.01544033	0.00055077	0.00101516	0.01651182	0.00680554	0.01431722	0.00963905	0.00464999	0.00386255	0.00099740	0.01697011
A[C>T]G	0.30778283	0.00006664	0.00505188	0.00129913	0.01176280	0.12573156	0.00000000	0.00085593	0.00241401	0.00303446	0.00650357	0.01037527	0.01189464	0.00053795	0.02716679	0.00152102	0.01299780	0.00029231	0.00062804	0.04793720	0.08106333	0.00851951	0.00008000	0.00067506	0.02052776	0.00264279	0.02221696	0.01647381	0.00328439	0.00821367	0.01343362	0.00073005	0.03867154	0.01230095	0.01639469	0.02010161	0.03006165	0.02441026	0.01344482	0.06495495	0.01523944	0.00035122	0.00102590	0.01287079	0.01554972	0.00831340	0.01065430	0.02505152	0.01385756	0.01513669	0.00837266	0.00075546	0.00235078	0.02468861	0.00822271	0.00928471	0.00774444	0.00110278	0.00180833	0.02640891	0.01178117	0.00685930	0.00971792	0.00061648	0.01058259	0.00331563	0.04061901	0.01898160	0.00421641	0.00843285	0.00437596	0.00127894	0.04219453	0.12692708	0.03648494	0.01198947	0.00029917	0.00320079	0.01971038	0.04070445	0.03979891	0.00649692	0.03392496	0.00594846	0.03046494	0.00008204
A[C>T]T	0.00324985	0.00152506	0.00956866	0.00283679	0.01684576	0.00897818	0.00507395	0.00684871	0.00783623	0.03319229	0.01012523	0.00618466	0.00256870	0.00414535	0.00516758	0.00218297	0.07519219	0.00237181	0.00026517	0.01171651	0.00077917	0.00628874	0.00060056	0.00013910	0.00539493	0.02524203	0.00873619	0.00003735	0.00058250	0.00312976	0.02169154	0.00522824	0.00452507	0.00259037	0.00440357	0.00580414	0.00110107	0.01998128	0.00719748	0.10852268	0.00262869	0.00463395	0.00064042	0.00315652	0.00558358	0.00157538	0.00914385	0.01723137	0.01179163	0.01825626	0.00623575	0.02431362	0.00070541	0.02104500	0.00074597	0.00552160	0.00254352	0.00008616	0.00015020	0.00528917	0.00268433	0.00119036	0.00109128	0.00360804	0.00062099	0.00249222	0.01429826	0.00646823	0.00224620	0.00024013	0.03765619	0.00529099	0.00322365	0.00448955	0.00000000	0.02341222	0.00084228	0.00134469	0.01333109	0.00604311	0.01144363	0.00304039	0.01669642	0.00222120	0.00071547	0.01027772
A[T>A]A	0.00016368	0.00004742	0.00261846	0.00379224	0.00340825	0.00002498	0.00080011	0.00095234	0.00783491	0.00005410	0.00952657	0.00729932	0.00002627	0.00057381	0.00203523	0.00099962	0.00017350	0.00310743	0.00000000	0.00026905	0.00053858	0.01460265	0.00049638	0.00003573	0.00101656	0.00032517	0.00020711	0.00186892	0.03612853	0.05201218	0.00000000	0.00054450	0.00971647	0.00085115	0.08477535	0.00011899	0.00022463	0.00014930	0.00337823	0.00030703	0.00044826	0.07438484	0.00209864	0.00107778	0.00134108	0.00077492	0.00228782	0.00462054	0.00470684	0.00449354	0.00441836	0.00554071	0.00715315	0.00200236	0.00019361	0.00132229	0.08502019	0.00014595	0.00002816	0.00247089	0.05717042	0.00072201	0.00199828	0.00041690	0.00205609	0.00000267	0.00183672	0.01307498	0.00079926	0.00192946	0.00065291	0.07821824	0.00078521	0.00250411	0.03339812	0.00548699	0.04819977	0.00007505	0.00492232	0.00583109	0.00439986	0.00121812	0.00561473	0.00180445	0.00061026	0.00405787
A[T>A]C	0.00083187	0.00079163	0.00626981	0.00259099	0.00583518	0.00025308	0.00050381	0.00032565	0.00393990	0.00119817	0.01897264	0.00295511	0.00018327	0.00019372	0.01259263	0.00305037	0.00033453	0.00296979	0.00005979	0.00029769	0.00040482	0.00892086	0.00089338	0.00030072	0.00065354	0.00019234	0.00383530	0.00556429	0.00728063	0.00856217	0.00000000	0.00141374	0.00772016	0.00359379	0.00157809	0.00060293	0.00132326	0.00029471	0.00475665	0.00069639	0.00107340	0.05846235	0.00575908	0.00115165	0.00180396	0.00137737	0.00226238	0.00463128	0.00653510	0.00432087	0.00464341	0.00304582	0.00322213	0.00198579	0.00033417	0.00160724	0.00804270	0.00010725	0.00003098	0.00331155	0.00124530	0.00087761	0.00160209	0.00253638	0.00054384	0.00413979	0.00656488	0.00142061	0.00182155	0.00019760	0.00030284	0.01663936	0.00294424	0.00032039	0.03007973	0.00266488	0.00050721	0.00010758	0.00319719	0.00591006	0.00427490	0.00209750	0.02673605	0.00084285	0.00087186	0.00001384
A[T>A]G	0.00039408	0.00002131	0.00776832	0.00843419	0.00711618	0.00000000	0.00040904	0.00100808	0.00022525	0.00380389	0.01881975	0.00268018	0.00000000	0.00001247	0.00105219	0.00058586	0.00002766	0.00316842	0.00050134	0.00026252	0.00024088	0.00940964	0.00016607	0.00006336	0.00179343	0.00066542	0.00020749	0.00022633	0.05790750	0.03542963	0.00022357	0.00116453	0.00502158	0.00059132	0.00123201	0.00017767	0.00152054	0.00044336	0.00365268	0.00051801	0.00060729	0.04221827	0.00096440	0.00188815	0.00250754	0.00071056	0.00505200	0.00727343	0.00754944	0.00730427	0.00303209	0.00352638	0.00112958	0.00000076	0.00132717	0.00041372	0.00775490	0.00017374	0.00008889	0.00044629	0.03145704	0.00082016	0.00164513	0.00311670	0.00660534	0.00045874	0.00548750	0.00422888	0.00147869	0.00028904	0.00004999	0.02493717	0.00143179	0.00164300	0.00067986	0.00858988	0.00047003	0.00009437	0.00578968	0.00503074	0.00284571	0.00418998	0.02260380	0.00249945	0.00182534	0.00000079
A[T>A]T	0.00004245	0.00000000	0.00330435	0.00192176	0.00324667	0.00047852	0.00173498	0.00359516	0.03632389	0.02835713	0.01384885	0.01231720	0.00391287	0.00101885	0.04120371	0.01319445	0.00000160	0.00192190	0.00034558	0.00092071	0.00285589	0.00788469	0.00081361	0.00040963	0.00362930	0.00030678	0.01176516	0.00097996	0.00161057	0.01367487	0.00006824	0.00070337	0.00804704	0.00194928	0.00170742	0.00133357	0.00080649	0.00022852	0.00202736	0.00041210	0.00296885	0.25876538	0.00358648	0.00153762	0.00187208	0.00120100	0.00298985	0.00585433	0.00718825	0.01285739	0.04674157	0.00323576	0.00226893	0.01462972	0.00025299	0.00111062	0.04722387	0.00016925	0.00008762	0.00125973	0.01692337	0.00055042	0.00178112	0.00014884	0.00214531	0.01740383	0.00400655	0.00530697	0.00126878	0.00040119	0.00504794	0.05573061	0.00349758	0.00120672	0.03376350	0.00240329	0.02090131	0.00014779	0.00508775	0.00842952	0.00754177	0.00147170	0.01323381	0.00204146	0.00013690	0.00000207
A[T>C]A	0.00022301	0.00003051	0.00786967	0.00320046	0.02133620	0.00056183	0.00020209	0.00039011	0.00018197	0.00265299	0.00477306	0.01166741	0.00038602	0.00294786	0.00922549	0.00273787	0.00047431	0.04423728	0.00096058	0.00553032	0.00102700	0.15298018	0.00004742	0.00005553	0.00082468	0.00107148	0.00433680	0.00902052	0.01413479	0.03648249	0.00033118	0.00220558	0.00985936	0.04748542	0.00299381	0.00037981	0.00071126	0.00025131	0.00876791	0.00040305	0.00645534	0.00333648	0.00087551	0.00231899	0.04368936	0.00108644	0.00482552	0.00779824	0.00927596	0.01189819	0.00852874	0.00483250	0.00000415	0.00808483	0.00050523	0.00906014	0.00174353	0.00024325	0.00013381	0.00121240	0.00131037	0.00152969	0.00383372	0.01273388	0.00209953	0.00661584	0.01489537	0.04296065	0.00397630	0.00062695	0.00000000	0.02067501	0.00153447	0.00233155	0.07766068	0.00751957	0.00448736	0.00010454	0.04358721	0.01928726	0.00569962	0.00073074	0.01621031	0.00351749	0.00580213	0.01811060
A[T>C]C	0.00113403	0.00001938	0.00674809	0.00052480	0.01128304	0.00052377	0.00017069	0.00031798	0.00061402	0.00436001	0.00446258	0.01100307	0.00341982	0.00029316	0.00838092	0.00308993	0.00071155	0.04416332	0.00013021	0.00504158	0.00094346	0.01486811	0.01138003	0.00026222	0.00155570	0.00044804	0.00336235	0.00984830	0.00093371	0.00152540	0.00012131	0.00136976	0.00824989	0.02664717	0.00199964	0.00055626	0.00151513	0.00034346	0.00579888	0.00055036	0.00353091	0.00161957	0.00064242	0.00136104	0.04173006	0.00116437	0.00443049	0.00262654	0.00457791	0.00961553	0.00625240	0.00266604	0.02668063	0.00247460	0.00028106	0.04268126	0.00636901	0.00007620	0.00003242	0.00779979	0.01780313	0.00139822	0.00228870	0.00616205	0.00000296	0.00594431	0.00986263	0.00479698	0.00190170	0.00024545	0.00024621	0.02602182	0.00159954	0.00143882	0.05795850	0.00299996	0.00026463	0.00009460	0.00413209	0.00336066	0.00392827	0.00290836	0.03674271	0.00241873	0.00400890	0.00001038
A[T>C]G	0.00003664	0.00001103	0.00991186	0.00340088	0.02980682	0.00182121	0.00013031	0.00096931	0.00114228	0.00944803	0.00576149	0.01388646	0.00187344	0.00028286	0.01449269	0.00758956	0.00022495	0.07159403	0.00036368	0.00919557	0.00010706	0.06824924	0.00031222	0.00000000	0.00143475	0.00161463	0.01273726	0.00354099	0.00740566	0.01332810	0.00029683	0.00102478	0.01601432	0.07426962	0.00569932	0.00047340	0.00168609	0.00019250	0.00589657	0.00079303	0.06404455	0.00002380	0.00066711	0.00286581	0.01691835	0.00142771	0.00701747	0.00635412	0.01273409	0.02365834	0.00804554	0.00602511	0.00046289	0.01925128	0.00128979	0.02722302	0.00217554	0.00010648	0.00007376	0.00088013	0.00337650	0.00180572	0.00472903	0.14883541	0.00327821	0.00853995	0.00974505	0.00608633	0.00237671	0.00000289	0.00000812	0.00599106	0.00252869	0.00041604	0.00747849	0.01182587	0.00014305	0.00035968	0.03312102	0.00595352	0.00199802	0.00215312	0.03519641	0.00440725	0.00721523	0.00001817
A[T>C]T	0.00133164	0.00008691	0.00935601	0.00071210	0.02005606	0.00014471	0.00028760	0.00093240	0.00189859	0.03518768	0.00825392	0.01889941	0.00197406	0.00005362	0.00733583	0.00338224	0.00056140	0.04348136	0.00054688	0.00297116	0.00027810	0.09748338	0.00434113	0.00035203	0.00196278	0.00081622	0.00004734	0.01567931	0.00048445	0.00418824	0.00011062	0.00095346	0.00783102	0.02361996	0.00174103	0.00046675	0.00047319	0.00025417	0.00412783	0.00029784	0.00539313	0.00191617	0.00098786	0.00256437	0.03244030	0.00154099	0.00664412	0.00966837	0.01170879	0.01213678	0.01188686	0.00127541	0.00466509	0.00012682	0.00061051	0.01699247	0.00090815	0.00027833	0.00011930	0.00257173	0.00107277	0.00227567	0.00276209	0.00387179	0.00749766	0.00744164	0.01136566	0.00493784	0.00489386	0.00002000	0.00444582	0.04696580	0.00215331	0.00159959	0.13414148	0.00638147	0.00255095	0.00009299	0.01638440	0.00677890	0.01087290	0.00125981	0.01859339	0.00308550	0.00527751	0.00120238
A[T>G]A	0.00003519	0.00011770	0.00188395	0.00042270	0.00178263	0.00000653	0.00019508	0.00003229	0.00751899	0.00225139	0.00080121	0.02592120	0.00099483	0.00001094	0.00127541	0.00363956	0.00009070	0.00120811	0.00003088	0.00009305	0.00012356	0.00708007	0.00041824	0.00080470	0.00029435	0.00096392	0.00000425	0.00021174	0.00131736	0.00677604	0.00000000	0.00110623	0.00251485	0.00163511	0.00067583	0.00682829	0.00014769	0.00001604	0.00158166	0.00016622	0.00050558	0.00203656	0.00130897	0.00048147	0.01293396	0.00044782	0.00167170	0.00249027	0.00643312	0.00211828	0.00445982	0.00049991	0.00122959	0.00000001	0.00004315	0.00004897	0.00010535	0.00011433	0.00004278	0.00034251	0.00036579	0.00070570	0.00155723	0.00001687	0.00012645	0.00006404	0.00395343	0.00720458	0.00071533	0.01215025	0.00005313	0.01666910	0.00203181	0.00201276	0.00563342	0.00249559	0.00426964	0.00083262	0.00101147	0.01426970	0.00155498	0.00012722	0.00695580	0.00029549	0.00169758	0.00000769
A[T>G]C	0.00007722	0.00006726	0.00226096	0.00011670	0.00218925	0.00009456	0.00018573	0.00064991	0.00120962	0.00295105	0.00059501	0.00726203	0.00117143	0.00003064	0.00090355	0.00058740	0.00003545	0.00072765	0.00000000	0.00237674	0.00019976	0.00508282	0.00062725	0.00466164	0.00063866	0.00142558	0.00001573	0.00043037	0.00005284	0.00118203	0.00000000	0.00087966	0.00000000	0.00258304	0.00103657	0.02182161	0.00054055	0.00008249	0.00194341	0.00033681	0.00028436	0.00060833	0.00075588	0.00050173	0.01151924	0.00075968	0.00233308	0.00391744	0.01479628	0.00264696	0.00177097	0.00030762	0.00346933	0.00002489	0.00039267	0.00071433	0.00193205	0.00001652	0.00003297	0.00051018	0.00377279	0.00039344	0.00179385	0.00125626	0.00080959	0.00000000	0.00080555	0.00076674	0.00113665	0.00930423	0.00096840	0.00437926	0.00005664	0.00031065	0.00660287	0.00112952	0.00006617	0.00008365	0.00031986	0.00244312	0.00069923	0.00015073	0.00592850	0.00040070	0.00103486	0.00000106
A[T>G]G	0.00009264	0.00000171	0.00507680	0.00096585	0.00619545	0.00004596	0.00019232	0.00094992	0.00064480	0.01089762	0.00393729	0.00517586	0.00028014	0.00027860	0.00088854	0.00083358	0.00012583	0.00082054	0.00007011	0.00052578	0.00008252	0.00493445	0.00059704	0.00095461	0.00137267	0.00123718	0.00001841	0.00017066	0.00281893	0.00407797	0.00000000	0.00119946	0.00574584	0.00216659	0.00006784	0.00897704	0.00025751	0.00028492	0.00291924	0.00092399	0.00041446	0.00024038	0.00324851	0.00069854	0.01691835	0.00136191	0.00557612	0.00409815	0.01209402	0.00569005	0.00270186	0.00044836	0.02756818	0.00000529	0.00061312	0.00132392	0.00383061	0.00013114	0.00004647	0.00306875	0.02376374	0.00082016	0.00290047	0.00084733	0.11824377	0.00001136	0.00116373	0.00244355	0.00114784	0.02143200	0.00067268	0.00529940	0.00123642	0.00114900	0.00271945	0.00411392	0.00030654	0.00071895	0.00102254	0.00486166	0.00146710	0.00014342	0.02691623	0.00107346	0.00385147	0.00001151
A[T>G]T	0.00002598	0.00000211	0.00214702	0.00009860	0.00252926	0.00011127	0.00014450	0.00031788	0.00000000	0.00986635	0.00040993	0.01557572	0.00541691	0.00000000	0.00749477	0.00289068	0.00013445	0.00087235	0.00018248	0.00552427	0.00108667	0.00570565	0.00696587	0.04471614	0.00085177	0.00075992	0.00002674	0.00004257	0.00002682	0.00234765	0.00000000	0.00184050	0.00000000	0.00376522	0.00017209	0.09021200	0.00033329	0.00037030	0.00038159	0.00000000	0.00044386	0.00094171	0.00127984	0.00049284	0.01669324	0.00126282	0.00313641	0.00607024	0.02473381	0.00495692	0.00511068	0.00043033	0.00298990	0.00067449	0.00006941	0.00033319	0.00564451	0.00004990	0.00003119	0.00005384	0.00122192	0.00086031	0.00079247	0.00016812	0.00124779	0.00345076	0.00379067	0.00125867	0.00155879	0.00903776	0.00083635	0.00252026	0.00054379	0.00062370	0.00593143	0.00215787	0.00182406	0.00008458	0.00196234	0.00505592	0.00108534	0.00021622	0.00496172	0.00042217	0.00134590	0.00000072
C[C>A]A	0.00014915	0.00024033	0.02507404	0.07590796	0.00801739	0.00108108	0.00043846	0.00101875	0.00016092	0.02061511	0.04577363	0.00644598	0.00384986	0.00038380	0.02062150	0.01227168	0.00060077	0.00761165	0.00164512	0.01671615	0.02578496	0.01536109	0.00033875	0.00036137	0.07058873	0.00127593	0.03560761	0.00000000	0.00241229	0.00878214	0.00013188	0.02045242	0.01647058	0.00184481	0.00702280	0.00328140	0.04595555	0.00073806	0.01074531	0.00124760	0.00325793	0.00329042	0.02998262	0.05758933	0.00448432	0.34665364	0.01016756	0.01483938	0.01075828	0.00941841	0.00329358	0.01129123	0.00724249	0.00002779	0.20507679	0.01785077	0.03541173	0.00060969	0.11679878	0.02423484	0.00825120	0.05470834	0.26476274	0.00006439	0.00704826	0.00306687	0.01138303	0.00770606	0.00208224	0.00133997	0.00000000	0.00696704	0.00607292	0.00505896	0.00000000	0.02746543	0.00217609	0.00667263	0.02118232	0.00850224	0.07806897	0.05480001	0.01101194	0.00727396	0.00096692	0.02500649
C[C>A]C	0.00107729	0.00013862	0.03549501	0.09437938	0.00834099	0.00305853	0.00029116	0.00174381	0.00574308	0.00576340	0.05575806	0.00324604	0.00030788	0.00294915	0.01440125	0.02293174	0.00120671	0.00756708	0.00143202	0.02543431	0.00392181	0.01679119	0.00167697	0.00006900	0.02353774	0.00093337	0.11791153	0.00413107	0.00730242	0.00919174	0.00069270	0.03537865	0.01095618	0.00248723	0.00388877	0.00022182	0.03938855	0.00046943	0.01466554	0.00623194	0.00290146	0.00007800	0.04165982	0.02624607	0.00142715	0.07960871	0.01148229	0.01472392	0.00913268	0.01633868	0.00160107	0.04019407	0.00011275	0.03733620	0.16380286	0.01037217	0.00955053	0.00002321	0.01836428	0.00391887	0.00471766	0.02279818	0.00354278	0.00329674	0.00532400	0.01039981	0.00648993	0.00287276	0.00697083	0.00036169	0.00641509	0.00062989	0.00393979	0.00449557	0.00000000	0.02034218	0.00103179	0.00469653	0.02006191	0.00789916	0.09344973	0.04462453	0.00396905	0.00660054	0.00202683	0.00000369
C[C>A]G	0.00012302	0.00000000	0.00772443	0.06364009	0.01031029	0.00270657	0.00000000	0.00100687	0.00778692	0.00033417	0.01074920	0.00508065	0.00015511	0.00017048	0.00785497	0.00345404	0.00002469	0.00453750	0.00001405	0.00390822	0.00011275	0.00709723	0.00000000	0.00000000	0.03161082	0.00062996	0.01943098	0.00690081	0.00049963	0.00422062	0.00031354	0.03557802	0.00393376	0.00130796	0.00101750	0.00000000	0.03465384	0.00108013	0.00091239	0.00004613	0.00123624	0.00138862	0.00609217	0.02023565	0.00287284	0.12814211	0.01595726	0.00482371	0.00330366	0.00964957	0.00099743	0.00505350	0.00007721	0.01010892	0.16156982	0.01421987	0.00107729	0.19547831	0.72537227	0.00000000	0.01403722	0.03579575	0.14820060	0.01668601	0.00199623	0.00000000	0.00386610	0.00502745	0.00210152	0.00118851	0.00018660	0.00070953	0.00151942	0.03266233	0.00000000	0.01011397	0.00109494	0.00523335	0.01665609	0.00544940	0.01679118	0.03835181	0.00473380	0.00362161	0.09162445	0.00380559
C[C>A]T	0.00000000	0.00049524	0.01747197	0.06607579	0.00712965	0.00580545	0.00036496	0.00135559	0.02029059	0.00016935	0.03834991	0.00418358	0.02132278	0.00624725	0.05405721	0.02316685	0.00014845	0.00157272	0.00000000	0.27145734	0.01802401	0.00374427	0.00016016	0.00024708	0.03525249	0.00003387	0.24296014	0.02454127	0.00014763	0.00670403	0.00051571	0.01401801	0.01427569	0.00951067	0.00437163	0.00033407	0.04480077	0.00029058	0.02852455	0.00273491	0.00310798	0.00106509	0.08422322	0.06356861	0.00250954	0.17043865	0.00618005	0.00737049	0.01259556	0.02003046	0.00373350	0.02090957	0.00000000	0.08639351	0.17018480	0.00966918	0.00099948	0.00044449	0.02544359	0.00126106	0.00610168	0.01824227	0.00397059	0.00573656	0.00003260	0.08976621	0.01093607	0.00248817	0.00192024	0.00006252	0.00560704	0.00143191	0.00335069	0.00294044	0.00000000	0.01896544	0.00189893	0.00268675	0.01458162	0.01340268	0.03968163	0.05275101	0.00314391	0.00424144	0.00067563	0.01355660
C[C>G]A	0.00001152	0.00000000	0.02150795	0.00736505	0.00751023	0.00002440	0.00000000	0.00040929	0.00030412	0.00187669	0.00570744	0.00119922	0.00005532	0.00002203	0.00013036	0.00010022	0.00025373	0.00188185	0.00659221	0.00008764	0.00005156	0.00524345	0.00063502	0.00025869	0.00058474	0.00171091	0.00007279	0.00002486	0.00138410	0.00494621	0.00015197	0.00210161	0.00801272	0.00047625	0.00655185	0.00002328	0.00278955	0.00122049	0.00205868	0.00115705	0.00180996	0.00020080	0.00387067	0.00127976	0.00061555	0.00153765	0.02899265	0.00434196	0.00880393	0.00789873	0.00287842	0.00414661	0.00002283	0.00005245	0.00123218	0.00057214	0.00137616	0.00005133	0.00011017	0.00007066	0.00336905	0.00112467	0.00215615	0.00115140	0.00331550	0.00025227	0.00116185	0.00099007	0.00194218	0.00005346	0.00000695	0.00199972	0.02106821	0.00399970	0.00752147	0.01717231	0.00062174	0.00005409	0.00275147	0.00441966	0.00898216	0.00421235	0.00279622	0.00289502	0.00563349	0.09830971
C[C>G]C	0.00004621	0.00051058	0.01978180	0.00813534	0.01232129	0.00002780	0.00015893	0.00108003	0.00420044	0.00051190	0.00784637	0.00260359	0.00000000	0.00000000	0.00030913	0.00019282	0.00021662	0.00157530	0.00095862	0.00010143	0.00001320	0.00844208	0.00033973	0.00007824	0.00271405	0.00220260	0.00000522	0.00043376	0.00129399	0.00508725	0.00028038	0.00529159	0.00644481	0.00053039	0.00219724	0.00015366	0.00676757	0.00095942	0.00235154	0.00104372	0.00062283	0.00025067	0.00795324	0.00178006	0.00054877	0.00144327	0.04777952	0.00592766	0.01909587	0.01161957	0.00209063	0.00811234	0.00029155	0.00003067	0.00086783	0.00043217	0.00042950	0.00007936	0.00016438	0.00039189	0.00017859	0.00100192	0.00601773	0.00113269	0.00406044	0.00035029	0.00472743	0.00200936	0.00203365	0.00020300	0.00422969	0.00043232	0.07389936	0.00248520	0.00236727	0.01488194	0.00017794	0.00020722	0.00569593	0.00528464	0.01853739	0.00484596	0.00145460	0.00382746	0.00799571	0.02327880
C[C>G]G	0.00046469	0.00015539	0.00461619	0.00883169	0.00741984	0.00013821	0.00020637	0.00195204	0.00106815	0.00518254	0.00003310	0.00162062	0.00006719	0.00000000	0.00058872	0.00009824	0.00003002	0.00067093	0.00158358	0.00005407	0.00008550	0.00595515	0.00073570	0.00000000	0.00943056	0.00012846	0.00049166	0.00003520	0.00087802	0.00226339	0.00000000	0.00210133	0.00253236	0.00015065	0.00138090	0.00000000	0.00304392	0.00031847	0.00236834	0.00149203	0.00105963	0.00088536	0.00240918	0.00119419	0.00123452	0.00240455	0.03419412	0.00277031	0.00369473	0.00812526	0.00157067	0.00126337	0.00766230	0.00000000	0.00153003	0.00031600	0.00266341	0.00005177	0.00033522	0.00422374	0.00662687	0.00149500	0.00354631	0.00122120	0.00082216	0.00022749	0.00275685	0.00017604	0.00177920	0.00105680	0.00000593	0.00018138	0.00865389	0.14037440	0.00000000	0.01281923	0.00007806	0.00012013	0.00504855	0.00280239	0.00497043	0.00373536	0.00420103	0.00208743	0.16912348	0.00193149
C[C>G]T	0.00000000	0.00007481	0.02530033	0.00653097	0.01046927	0.00000870	0.00009383	0.00080971	0.00637275	0.00000000	0.00638003	0.00414257	0.00003710	0.00000000	0.00028694	0.00028825	0.00000954	0.00223040	0.00765646	0.00018584	0.00005306	0.01446583	0.00004559	0.00026201	0.00368063	0.00316875	0.00000973	0.00022228	0.00042946	0.00468746	0.00020184	0.00386110	0.00022207	0.00083252	0.00037794	0.00000000	0.00577490	0.00099796	0.00349656	0.00050704	0.00081323	0.00012649	0.01653838	0.00219601	0.00082375	0.00117640	0.04120036	0.00699321	0.02793765	0.01182487	0.00708661	0.00677827	0.00094864	0.00008607	0.00167553	0.00174744	0.00020078	0.00012888	0.00009918	0.00056144	0.00314110	0.00116440	0.00040997	0.00137968	0.00380023	0.00096817	0.00382296	0.00158684	0.00328913	0.00016879	0.01322959	0.00080521	0.04067103	0.00578427	0.00478589	0.01794532	0.00054666	0.00008347	0.00623809	0.00806099	0.00850377	0.00345025	0.00185436	0.00365285	0.00550446	0.04519689
C[C>T]A	0.00095610	0.00499154	0.01794187	0.01194586	0.02093369	0.00807837	0.04818239	0.09561923	0.00400084	0.05061364	0.00304777	0.00972268	0.00004455	0.00011124	0.00444911	0.00111348	0.00395655	0.00925475	0.00002268	0.00279970	0.00666214	0.01059029	0.00094277	0.00060940	0.01116065	0.11502694	0.01003832	0.00170380	0.00159501	0.00579888	0.05432363	0.00433205	0.01591414	0.00221116	0.02410193	0.00047201	0.00645243	0.10571205	0.04137446	0.01700356	0.00553848	0.00801512	0.00511409	0.00696645	0.00502745	0.00385777	0.00917094	0.02676034	0.01539444	0.02464295	0.00956245	0.01820224	0.00000832	0.00349422	0.00184397	0.03249755	0.00124373	0.00000940	0.00023972	0.00413608	0.00381825	0.00311666	0.01157346	0.00343381	0.00817599	0.00036852	0.01949507	0.01008771	0.00267983	0.00172607	0.01760341	0.00267458	0.00351759	0.00495592	0.00000000	0.01051374	0.00113044	0.02982644	0.04180129	0.01138442	0.01334022	0.01430961	0.00565885	0.35786977	0.00198506	0.04122628
C[C>T]C	0.00016250	0.00024729	0.02833989	0.01361810	0.02581087	0.01106756	0.06708855	0.20475656	0.01109586	0.00465367	0.00577700	0.01481005	0.00000000	0.00007827	0.00989402	0.00340192	0.15420483	0.00044907	0.00199713	0.00178169	0.00862021	0.00528095	0.00248654	0.00009889	0.00811812	0.11195549	0.01549899	0.00819859	0.00525840	0.00789566	0.20780942	0.00897138	0.00832221	0.00466149	0.01245104	0.00042735	0.00175060	0.12461606	0.20734041	0.03597298	0.00232420	0.00109190	0.10503323	0.00867939	0.00368184	0.00541797	0.00489201	0.03960918	0.01562459	0.03358308	0.00322306	0.05894313	0.00000000	0.00352414	0.00005501	0.01915971	0.00835445	0.00019579	0.00031656	0.00576304	0.00699463	0.00218383	0.00459064	0.00028991	0.00567894	0.00082669	0.01993099	0.01557258	0.00048079	0.00268768	0.04993498	0.00075976	0.00605088	0.00598772	0.00000000	0.01620003	0.00071157	0.00027770	0.04997151	0.00657445	0.02206793	0.01952041	0.00346759	0.04660862	0.00113654	0.02246640
C[C>T]G	0.25875006	0.00883855	0.00689351	0.00859791	0.05214745	0.20012243	0.01785631	0.05453868	0.03644768	0.01036508	0.00469687	0.02414234	0.00000000	0.00752692	0.03094025	0.00200529	0.00246980	0.00015860	0.00645762	0.03285169	0.04224669	0.00281850	0.00602514	0.00199956	0.04425515	0.04190860	0.04315090	0.02167832	0.00156500	0.00715669	0.03424819	0.01412003	0.03564972	0.01206787	0.02868896	0.01138295	0.03582457	0.04458533	0.02274049	0.03111874	0.01959324	0.04403510	0.00739368	0.01519099	0.01257591	0.00879407	0.02104468	0.01949147	0.01006642	0.02466929	0.03859788	0.00516102	0.00029316	0.04189528	0.00523496	0.02622776	0.00604236	0.00002667	0.00194372	0.00321242	0.06757455	0.00626426	0.02999037	0.07963136	0.00020519	0.02714951	0.02312435	0.02751323	0.00283641	0.01273184	0.00000000	0.00010874	0.01621863	0.30512269	0.00000000	0.00717480	0.00101457	0.00287176	0.03413175	0.02617732	0.05077900	0.01533965	0.02221573	0.10780960	0.11527109	0.00054401
C[C>T]T	0.00009539	0.00170568	0.02609451	0.01532192	0.02537672	0.00834533	0.05552828	0.11463348	0.03096194	0.00019975	0.01685072	0.01517574	0.00012695	0.00044623	0.01184686	0.00317352	0.06442922	0.00483254	0.00173467	0.00141993	0.00979702	0.02902188	0.00203419	0.00018463	0.00645810	0.25389361	0.01128029	0.00041759	0.00214730	0.00652441	0.13870832	0.00351680	0.01540869	0.00219784	0.01008296	0.00546363	0.00058094	0.04520154	0.14824587	0.04384059	0.00331681	0.00006067	0.04798171	0.00604164	0.00859197	0.00379782	0.00716394	0.03173846	0.01339093	0.04010688	0.01089056	0.03260307	0.00082742	0.00502218	0.00239487	0.00745576	0.00439656	0.00025197	0.00026949	0.01304921	0.00488616	0.00249376	0.01291249	0.00384858	0.00082549	0.00063957	0.04262536	0.03516440	0.00230049	0.00290180	0.04198765	0.00390941	0.00238408	0.00419019	0.00670024	0.01460488	0.00069052	0.00101343	0.05268950	0.00919851	0.02490857	0.00835811	0.00829964	0.16169146	0.00049857	0.01330683
C[T>A]A	0.00001100	0.00015027	0.00473560	0.00724918	0.00204437	0.00002116	0.00009129	0.00053566	0.00274172	0.00122506	0.01160745	0.00344267	0.00000000	0.00002795	0.00042618	0.00079843	0.00009573	0.00041038	0.00013144	0.00008507	0.00011489	0.00253750	0.00026673	0.00006680	0.00027670	0.00004969	0.00007298	0.00000418	0.09078803	0.08827386	0.00021595	0.00056885	0.01566446	0.00066103	0.24538212	0.00012112	0.00088488	0.00011007	0.01107171	0.00017500	0.00048176	0.02140311	0.02822907	0.00069597	0.00117018	0.00043679	0.00266155	0.00141940	0.00225538	0.00309229	0.00268109	0.00656396	0.00079511	0.00000649	0.00032143	0.00257214	0.01078580	0.00002382	0.00002021	0.00011126	0.00386559	0.00062232	0.00156549	0.00000000	0.00004459	0.00078760	0.00447458	0.00165504	0.00003515	0.00004034	0.00007136	0.00865353	0.00112554	0.00264258	0.00000000	0.01879934	0.10026424	0.00013832	0.00430597	0.00744546	0.00623794	0.00159329	0.00599764	0.00128880	0.00066348	0.00803208
C[T>A]C	0.00018560	0.00027852	0.01959635	0.01133671	0.00553254	0.00032333	0.00024847	0.00084575	0.01954338	0.00011421	0.03292813	0.00415246	0.00000000	0.00007714	0.00326224	0.00074527	0.00020360	0.00776928	0.00039702	0.00298871	0.00014869	0.00831720	0.04594423	0.00295083	0.00288362	0.00038483	0.00606238	0.00085780	0.07235747	0.03028164	0.00000000	0.00148753	0.01737071	0.00187419	0.00384523	0.00215581	0.00118106	0.00073768	0.02093297	0.00064607	0.00118251	0.00068179	0.03269081	0.00148859	0.00159592	0.00181566	0.00640464	0.00707563	0.01078595	0.01513627	0.00436109	0.00165396	0.00001306	0.00314253	0.00088529	0.00373044	0.00081201	0.00005206	0.00002588	0.00056928	0.00174005	0.00021750	0.00352400	0.00073684	0.00000123	0.00118992	0.00851799	0.02747022	0.00151280	0.00057662	0.00000000	0.00183360	0.00049830	0.00286806	0.00557285	0.01947679	0.00064213	0.00011420	0.00443543	0.01100880	0.00848005	0.00594433	0.04346036	0.00370932	0.00136834	0.00014498
C[T>A]G	0.00016876	0.00018758	0.01602785	0.03330862	0.00589035	0.00007443	0.00011760	0.00085977	0.00154584	0.00185891	0.03432729	0.00776965	0.00000000	0.00000000	0.00116023	0.00134172	0.00032306	0.00215754	0.00028936	0.00035422	0.00005510	0.00165762	0.01551472	0.00104175	0.00333632	0.00030964	0.00012692	0.00017189	0.24259548	0.09185381	0.00012561	0.00441305	0.07627064	0.00162517	0.00664072	0.00141957	0.00182921	0.00061465	0.02046144	0.00154572	0.00062976	0.00215111	0.06358884	0.00240647	0.00242784	0.00176462	0.00745871	0.00673506	0.00706174	0.01445716	0.00470441	0.01580261	0.00035231	0.00062068	0.00320150	0.00536118	0.00009130	0.00017452	0.00012893	0.00060557	0.00839787	0.00127734	0.00285026	0.00213161	0.01965992	0.00214240	0.00183903	0.00116571	0.00014142	0.00000047	0.00013318	0.00031791	0.00283801	0.00178250	0.00000000	0.04472787	0.00073902	0.00021856	0.01274626	0.01069762	0.00823176	0.01149159	0.03064641	0.00442680	0.00332018	0.00413624
C[T>A]T	0.00010083	0.00000000	0.01148113	0.00900399	0.00376402	0.00008625	0.00029002	0.00008119	0.05832429	0.00132634	0.03870671	0.00483693	0.00036927	0.00013984	0.00321769	0.00209885	0.00012775	0.00170887	0.00049855	0.00114807	0.00052543	0.00782422	0.06735037	0.00842674	0.00174884	0.00017094	0.00007836	0.00000000	0.06525213	0.03212991	0.00026569	0.00313539	0.03304208	0.00068141	0.00610157	0.00135064	0.00136189	0.00047711	0.02525433	0.00054114	0.00109631	0.00036685	0.05401390	0.00164098	0.00232727	0.00174189	0.00675367	0.00830849	0.00959624	0.01147832	0.01011475	0.00597748	0.00017989	0.00001095	0.00093666	0.00334175	0.00008877	0.00015173	0.00004386	0.00018262	0.00347144	0.00066184	0.00553672	0.00005504	0.00478457	0.00000611	0.01135694	0.00131500	0.00281020	0.00012160	0.00000000	0.01398448	0.00268560	0.00488779	0.00000000	0.01801452	0.14968261	0.00030420	0.00597353	0.02609699	0.01144239	0.00508151	0.02627887	0.00322282	0.00096910	0.01695398
C[T>C]A	0.00000000	0.00018675	0.00526641	0.00260769	0.00768083	0.00052772	0.00023260	0.00073175	0.00598122	0.00776122	0.00146010	0.00984647	0.00007905	0.00052042	0.00757897	0.00170650	0.00017065	0.03412304	0.00002981	0.00173440	0.00024761	0.00845834	0.00682179	0.00046174	0.00019706	0.00023383	0.00592998	0.00776774	0.00478056	0.00697820	0.00000000	0.00097825	0.00537833	0.03641238	0.00363255	0.00114196	0.00053547	0.00065320	0.00438031	0.00031932	0.00975141	0.00053643	0.00071378	0.00082854	0.03726688	0.00094955	0.00395461	0.00352429	0.00897820	0.01526778	0.00762853	0.00184416	0.00159021	0.00764800	0.00051189	0.01365682	0.00147149	0.00004010	0.00003303	0.00048365	0.00264454	0.00121914	0.00428493	0.00621676	0.00252285	0.00223042	0.00840296	0.00261603	0.00109941	0.00053421	0.00118610	0.00628186	0.00068234	0.00162056	0.00000000	0.00291326	0.00468878	0.00006741	0.01880117	0.02069763	0.00329071	0.00181245	0.00112672	0.00165065	0.00318278	0.00592107
C[T>C]C	0.00118067	0.00003253	0.01596332	0.00219300	0.01108640	0.00060442	0.00024656	0.00074157	0.00522129	0.00012488	0.00789373	0.02029795	0.00004927	0.00009024	0.01143268	0.00274587	0.00068474	0.06895238	0.00014163	0.00541008	0.00131021	0.00462553	0.19625561	0.00850999	0.00231821	0.00007777	0.00451872	0.00351598	0.00175969	0.00183647	0.00000000	0.00178185	0.01187365	0.04032750	0.00782730	0.00418387	0.00154124	0.00131016	0.00983155	0.00092140	0.03588044	0.00006737	0.00200107	0.00191681	0.02999235	0.00208532	0.00786657	0.00525368	0.00692987	0.01759741	0.00717734	0.00300982	0.11331234	0.00309418	0.00244306	0.09427827	0.00893069	0.00022970	0.00008969	0.01883407	0.08303187	0.00123346	0.00318726	0.01711232	0.00554811	0.00322523	0.00589409	0.01170256	0.00528558	0.00312991	0.00000314	0.01002182	0.00289560	0.00107109	0.00278643	0.00463657	0.00039086	0.00011756	0.00452443	0.01080036	0.01440335	0.00769723	0.06302911	0.00488344	0.00194889	0.00001865
C[T>C]G	0.00018751	0.00000000	0.01226373	0.00563684	0.02445496	0.00344315	0.00010920	0.00071079	0.00349060	0.00144840	0.00156712	0.02253345	0.00138506	0.00002031	0.01885332	0.00443418	0.00013876	0.05722828	0.00000000	0.00499477	0.00093425	0.01546578	0.10922862	0.00569546	0.00168375	0.00052450	0.02693116	0.01980187	0.00293136	0.00473632	0.00037018	0.00370240	0.01624843	0.11219349	0.00854237	0.00438553	0.00361223	0.00132983	0.00488011	0.00201711	0.05258931	0.00149107	0.00170444	0.00208036	0.01509813	0.00251805	0.00852268	0.00604483	0.01122915	0.03249167	0.00839858	0.00377566	0.01100971	0.03604614	0.00146462	0.06283799	0.00486221	0.00001806	0.00006002	0.00284009	0.00377389	0.00127734	0.00733293	0.21427110	0.00116608	0.00064811	0.01183249	0.00805672	0.00166851	0.00071763	0.00386021	0.00149528	0.00060349	0.00053856	0.00000000	0.00982210	0.00040030	0.00013355	0.01757122	0.00339011	0.00749689	0.01546275	0.00937943	0.00308270	0.00837786	0.00006083
C[T>C]T	0.00001652	0.00017434	0.01428361	0.00195341	0.01304276	0.00061197	0.00142275	0.00415389	0.05161760	0.04578751	0.00598195	0.03584119	0.00000240	0.00048704	0.01847127	0.00472385	0.00006662	0.05229152	0.00010676	0.00171378	0.00087572	0.01857204	0.39683620	0.01979582	0.00198099	0.00030660	0.00530082	0.02221687	0.00058002	0.00285382	0.00003335	0.00237114	0.00808899	0.05890679	0.00438234	0.00048125	0.00122433	0.00319635	0.01124225	0.00088965	0.00300507	0.00217647	0.00258681	0.00180843	0.05693905	0.00315165	0.00701500	0.00592752	0.01134448	0.02195705	0.00883497	0.00255839	0.00837424	0.00612175	0.00042080	0.08892764	0.00636425	0.00002836	0.00004031	0.00120580	0.00636750	0.00180924	0.00348537	0.02223505	0.00062574	0.00020666	0.02579193	0.02852542	0.00924111	0.00193452	0.00072762	0.02241664	0.00144393	0.00424766	0.00000000	0.00389568	0.00946836	0.00010801	0.01266310	0.01576993	0.01276231	0.00456069	0.00250478	0.00313326	0.00222179	0.01073442
C[T>G]A	0.00000908	0.00009461	0.00260637	0.00043797	0.00149574	0.00001573	0.00004345	0.00017170	0.00259160	0.00112614	0.00074532	0.01868672	0.00010043	0.00008950	0.00684627	0.00416396	0.00000000	0.00067119	0.00002604	0.00002661	0.00006801	0.00313038	0.00019052	0.00146302	0.00005667	0.00036937	0.00048808	0.00000294	0.00348257	0.00554929	0.00000000	0.00061625	0.00000000	0.00099434	0.00000000	0.01263074	0.00035441	0.00010184	0.00105880	0.00003129	0.00047013	0.00095727	0.00199106	0.00026403	0.00193788	0.00047867	0.00285551	0.00088172	0.00303350	0.00182057	0.00257000	0.00045323	0.00159606	0.00012258	0.00004704	0.00000000	0.00010555	0.00003705	0.00002893	0.00051536	0.00175881	0.00040961	0.00063213	0.00237764	0.00099586	0.00385194	0.00009803	0.00033568	0.00050473	0.00196304	0.00046886	0.00326724	0.00216377	0.00269421	0.00000000	0.00411285	0.00878768	0.00033057	0.00056737	0.00652652	0.00116476	0.00018207	0.00354939	0.00035791	0.00201784	0.02135573
C[T>G]C	0.00010012	0.00017693	0.00775046	0.00040979	0.00491426	0.00046006	0.00016374	0.00069920	0.00813821	0.00006996	0.00219897	0.00983058	0.00000000	0.00083690	0.00268425	0.00059971	0.00000000	0.00158160	0.00000327	0.00122588	0.00009568	0.00157589	0.00117980	0.04136436	0.00187530	0.00199578	0.00149688	0.00006783	0.00115562	0.00329004	0.00012770	0.00070001	0.00317730	0.00638519	0.00052136	0.03529142	0.00000477	0.00020412	0.00141868	0.00044728	0.00113125	0.00000000	0.00051315	0.00057708	0.00327439	0.00126737	0.00734942	0.00281486	0.01294467	0.00415283	0.00329474	0.00072409	0.00783474	0.00244634	0.00023920	0.00203478	0.00007325	0.00004739	0.00001344	0.00006576	0.00298961	0.00072972	0.00332039	0.01902488	0.00051916	0.00000048	0.00109480	0.00128112	0.00241679	0.00466682	0.00207286	0.00399992	0.00016096	0.00063302	0.00371523	0.00354108	0.00008378	0.00004732	0.00047241	0.00822903	0.00198063	0.00073263	0.00749607	0.00068326	0.00334712	0.00630099
C[T>G]G	0.00006667	0.00015233	0.01299227	0.00388430	0.00720716	0.00059802	0.00000000	0.00125606	0.00191420	0.00003997	0.00584559	0.02077760	0.00007057	0.00038447	0.00884788	0.00411246	0.00000000	0.00090739	0.00000000	0.00048607	0.00018282	0.00360493	0.00000243	0.01990506	0.00304530	0.00140076	0.00279630	0.00002764	0.01159549	0.01003971	0.00006201	0.00266713	0.01430832	0.00792625	0.00060823	0.02729951	0.00030672	0.00008221	0.00164129	0.00119492	0.00140676	0.00080161	0.00694888	0.00099745	0.00572060	0.00157626	0.01078223	0.00252260	0.00990982	0.00683863	0.00458379	0.00602408	0.05534611	0.00370059	0.00060932	0.00199486	0.00575622	0.00005855	0.00006224	0.00429535	0.00763794	0.00082664	0.00257387	0.02453571	0.13884815	0.00599603	0.00312207	0.00094969	0.00205511	0.00879718	0.00083908	0.00199435	0.00191375	0.00126185	0.00409763	0.01095328	0.00024634	0.00038065	0.00260097	0.00363865	0.00267509	0.00127818	0.03707860	0.00198680	0.00808152	0.00001945
C[T>G]T	0.00006631	0.00019028	0.00635530	0.00091566	0.00639007	0.00062642	0.00002070	0.00000267	0.00407192	0.00017992	0.00053152	0.06155097	0.00127673	0.00312540	0.02879986	0.00589611	0.00010488	0.00039190	0.00005291	0.00080032	0.00124603	0.00304342	0.00494648	0.59495628	0.00320363	0.00172510	0.00392568	0.00018941	0.00128773	0.00313888	0.00017500	0.00307660	0.00771885	0.00827879	0.00161810	0.13244147	0.00052756	0.00020659	0.00077311	0.00055175	0.00018794	0.00000090	0.00220448	0.00089584	0.00464324	0.00507806	0.00403424	0.00376811	0.01881638	0.00853969	0.01178744	0.00274790	0.00000000	0.00030490	0.00050887	0.00185653	0.00012495	0.00002752	0.00003845	0.00041155	0.00220561	0.00066725	0.00174911	0.00073235	0.00107950	0.00000000	0.00547681	0.00047846	0.01605831	0.00001657	0.00000000	0.00232855	0.00195034	0.00147813	0.00000000	0.00377477	0.01444427	0.00008080	0.00050502	0.04056524	0.00221622	0.00092737	0.00251279	0.00120078	0.00111314	0.00065957
G[C>A]A	0.00076269	0.00010057	0.00802318	0.03001346	0.01111372	0.00025611	0.00003948	0.00067316	0.00156526	0.00024118	0.02789340	0.01046839	0.00147917	0.00054375	0.01005446	0.00299646	0.00016197	0.00280776	0.00112603	0.00215391	0.00142640	0.01284125	0.00206394	0.00134378	0.10498937	0.00079450	0.01032747	0.00272718	0.00299050	0.00403824	0.00029720	0.05057274	0.01517037	0.00065528	0.01510572	0.00025463	0.08313293	0.00091508	0.01328378	0.00458189	0.00537318	0.00478782	0.00999380	0.07055238	0.00286871	0.01102471	0.00699357	0.01105363	0.00470282	0.00432358	0.00431782	0.00757797	0.01025824	0.00000000	0.00656904	0.00831917	0.01613430	0.00039234	0.00405830	0.01544405	0.00470298	0.00793020	0.00034579	0.00533985	0.00097361	0.00027097	0.00249698	0.00344992	0.09711303	0.00059282	0.00266553	0.00237517	0.00485521	0.00423993	0.01424031	0.00762367	0.00179780	0.00289925	0.01030720	0.00296218	0.01370230	0.06266910	0.00727954	0.00264301	0.00083073	0.00001012
G[C>A]C	0.00021663	0.00000000	0.01623736	0.04375626	0.01103450	0.00072494	0.00017776	0.00025683	0.00146431	0.00000000	0.03997785	0.01199144	0.00071368	0.00251103	0.01175548	0.04106021	0.00052629	0.00078282	0.00070842	0.03070747	0.00205323	0.00839122	0.00196481	0.00000496	0.02205957	0.00035145	0.00715238	0.01192754	0.00302906	0.00477639	0.00063160	0.13777425	0.00962495	0.00116481	0.02295998	0.00220400	0.10234664	0.00063461	0.02886162	0.00486865	0.00156135	0.00105562	0.06728981	0.02648843	0.00117095	0.00763796	0.00935249	0.01585773	0.00688946	0.00909463	0.00133745	0.03487106	0.00246779	0.00611008	0.00659996	0.00458882	0.00669636	0.00023897	0.00169084	0.01091375	0.00518302	0.00932610	0.00364516	0.01243554	0.00028943	0.01213353	0.00131524	0.00180018	0.16101339	0.00131456	0.01335120	0.00110133	0.00481692	0.00368728	0.00000000	0.00896699	0.00101999	0.00639234	0.01194396	0.00297359	0.03975822	0.05739329	0.00660195	0.00319229	0.00307615	0.00004439
G[C>A]G	0.00076850	0.00004398	0.00436428	0.03941303	0.00691504	0.00058075	0.00011209	0.00017846	0.00000000	0.00007087	0.00856557	0.00062890	0.00003481	0.00017189	0.00289036	0.00029329	0.00003695	0.00171918	0.00052777	0.00311750	0.00068251	0.00550126	0.00033335	0.00033746	0.01974968	0.00054268	0.00407183	0.00584125	0.00188798	0.00208345	0.00028463	0.14532183	0.00200543	0.00046223	0.00618336	0.00017488	0.05340736	0.00000000	0.00267323	0.00241650	0.00113016	0.00104900	0.00139233	0.01365179	0.00192986	0.00341370	0.01248902	0.01045144	0.00269277	0.00383287	0.00083377	0.00282568	0.00052952	0.00162171	0.00493197	0.00125351	0.00308680	0.00104570	0.00954021	0.00071975	0.01385608	0.01054527	0.11028303	0.01573840	0.00023838	0.00003316	0.00000000	0.00932269	0.03094176	0.00121287	0.00204196	0.00162103	0.00060651	0.01341817	0.00257482	0.00512175	0.00061833	0.00013185	0.01393400	0.00105945	0.00472009	0.04027718	0.00219953	0.00117874	0.03161879	0.00018747
G[C>A]T	0.00000000	0.00006416	0.01208614	0.02162697	0.00798131	0.00079238	0.00000000	0.00014247	0.00058121	0.00011412	0.03330191	0.01246715	0.01457428	0.00223701	0.01546872	0.01315702	0.00000000	0.00004188	0.00007838	0.14014101	0.01217608	0.00929101	0.00005853	0.00077227	0.06445218	0.00028619	0.00255741	0.01218204	0.00078963	0.00341474	0.00002925	0.04750680	0.01267309	0.00115931	0.01113183	0.00027699	0.07779559	0.00089843	0.00382286	0.00356818	0.00417460	0.00002472	0.02490462	0.07723300	0.00194839	0.00896976	0.00643068	0.00741227	0.00715913	0.00835193	0.00292666	0.01910767	0.00164678	0.01199518	0.00653225	0.00297844	0.00220129	0.00001115	0.00323044	0.00238305	0.00442310	0.00435181	0.00098008	0.00743717	0.00090262	0.02105666	0.00276706	0.00047332	0.50532593	0.00016380	0.01077964	0.00135191	0.00901417	0.00068443	0.00611801	0.00873793	0.00079690	0.00103104	0.00811918	0.00439957	0.01201750	0.06506694	0.00167762	0.00261587	0.00206283	0.00002553
G[C>G]A	0.00000463	0.00007630	0.01429094	0.00502441	0.00509924	0.00001163	0.00001906	0.00004612	0.00027131	0.00028138	0.00297376	0.00184417	0.00001834	0.00001279	0.00020318	0.00012920	0.00004587	0.00079979	0.00177981	0.00000000	0.00061914	0.00156601	0.00101806	0.00008066	0.00061163	0.00127861	0.00063973	0.00049446	0.00187745	0.00272849	0.00000000	0.00221154	0.00468596	0.00052185	0.00198612	0.00029870	0.00194348	0.00049975	0.00185567	0.00088996	0.00093939	0.00005693	0.00342240	0.00092333	0.00185622	0.00110247	0.02439618	0.00290080	0.00290502	0.00493725	0.00285060	0.00235890	0.01500129	0.00021644	0.00028973	0.00011554	0.00244195	0.00004088	0.00007828	0.02903916	0.00407035	0.00132812	0.00110460	0.00225323	0.00096905	0.00023351	0.00500718	0.00266928	0.00135770	0.00018690	0.01099455	0.00263290	0.00557339	0.00156255	0.00000000	0.00733139	0.00079902	0.00003093	0.00270822	0.00466629	0.00307134	0.00315515	0.00261284	0.00104058	0.00313251	0.03417235
G[C>G]C	0.00010480	0.00040312	0.01285582	0.00722984	0.00732749	0.00054390	0.00004274	0.00053994	0.00093345	0.00000000	0.00364683	0.00508020	0.00013447	0.00013392	0.00061408	0.00053318	0.00014814	0.00054253	0.00075240	0.00005933	0.00050135	0.00610091	0.00128173	0.00009894	0.00170866	0.00166682	0.00362050	0.00239563	0.00162834	0.00446653	0.00014827	0.00623213	0.00355543	0.00101265	0.00249968	0.00000000	0.00185879	0.00032887	0.01008143	0.00121044	0.00125166	0.00043533	0.02868530	0.00148997	0.00174619	0.00131354	0.02866304	0.00444303	0.00609045	0.00963220	0.00497612	0.00184765	0.02219552	0.00155696	0.00116334	0.00122368	0.00438727	0.00014988	0.00007500	0.04751370	0.00180142	0.00184738	0.08975135	0.00029965	0.00212554	0.00016253	0.00449489	0.00248358	0.00214685	0.00020492	0.02056855	0.01105188	0.14512744	0.00094695	0.00377035	0.00683110	0.00071777	0.00020622	0.00329904	0.00815823	0.00899234	0.00205746	0.00260658	0.00179694	0.00286037	0.02987656
G[C>G]G	0.00021733	0.00000000	0.00738570	0.00850085	0.00446227	0.00000000	0.00011895	0.00082476	0.00072776	0.00212201	0.00152555	0.00191611	0.00000000	0.00000000	0.00010626	0.00006417	0.00000861	0.00036686	0.00077557	0.00000000	0.00001706	0.00032896	0.00007452	0.00000000	0.00166932	0.00158038	0.00179472	0.00040440	0.00077352	0.00175152	0.00000000	0.00692429	0.00127397	0.00026440	0.00000000	0.00000000	0.00001597	0.00030793	0.00125686	0.00018904	0.00015392	0.00000000	0.00162301	0.00048615	0.00220065	0.00254159	0.02718360	0.00190514	0.00282285	0.00507153	0.00059122	0.00059446	0.03829298	0.00000000	0.00164006	0.00000000	0.00183316	0.00006095	0.00005123	0.00825943	0.00086439	0.00263632	0.00651278	0.00443689	0.01766578	0.00001904	0.00666479	0.00583949	0.00091802	0.00062820	0.00454056	0.00011992	0.00207700	0.00883249	0.00257482	0.00634122	0.00023225	0.00014256	0.00279375	0.00326458	0.00188355	0.00228854	0.00634798	0.00141292	0.04521450	0.00801044
G[C>G]T	0.00000000	0.00016792	0.01776663	0.00310123	0.00786429	0.00020679	0.00004387	0.00026846	0.00204945	0.00135998	0.00601663	0.01248171	0.00004648	0.00009028	0.00019844	0.00049234	0.00019610	0.00076764	0.00344095	0.00008927	0.00030173	0.00517413	0.00098013	0.00000000	0.00127249	0.00033547	0.00310176	0.00028333	0.00065206	0.00258056	0.00000000	0.00295171	0.00240185	0.00043279	0.00685036	0.00000000	0.00295182	0.00041586	0.00365949	0.00024879	0.00121835	0.00004925	0.00950508	0.00117529	0.00191818	0.00090487	0.03537418	0.00365363	0.00949772	0.00635075	0.00534302	0.00292421	0.02132520	0.00196381	0.00087097	0.00074461	0.00346586	0.00003657	0.00011506	0.01670474	0.00365387	0.00105436	0.00049262	0.00545908	0.00008340	0.00000235	0.00061869	0.00146054	0.00228865	0.00007916	0.08054422	0.00564564	0.01341152	0.00288467	0.01223602	0.00690196	0.00052105	0.00013950	0.00189166	0.00805075	0.00391093	0.00235810	0.00167073	0.00192666	0.00299754	0.01488598
G[C>T]A	0.00214324	0.00000000	0.01845444	0.00388465	0.02113786	0.05614047	0.00008266	0.00077151	0.00023404	0.00052399	0.00031812	0.00946495	0.00005158	0.00027001	0.00431655	0.00143003	0.01933766	0.00635291	0.00851938	0.01770761	0.04590635	0.00969432	0.00190161	0.00008228	0.00932383	0.05953846	0.04035363	0.01187724	0.00319166	0.00404110	0.04735740	0.02431069	0.01123731	0.00363313	0.01986123	0.00530472	0.00890404	0.04822846	0.00689540	0.02296026	0.00651849	0.00039700	0.00738144	0.00387673	0.00358588	0.00217738	0.00816256	0.03246815	0.01310366	0.01715538	0.00839810	0.03302460	0.00084493	0.09438459	0.00087007	0.01455855	0.00154075	0.00018000	0.00009476	0.00263201	0.00533562	0.00171308	0.00734798	0.00022841	0.00740169	0.00001185	0.00679074	0.00853668	0.00230054	0.00142184	0.08792589	0.00146340	0.00454550	0.00112326	0.00094935	0.00770427	0.00082756	0.00930091	0.01478843	0.00807754	0.00551475	0.01551101	0.00595234	0.00408534	0.00100735	0.08544290
G[C>T]C	0.00005929	0.00000020	0.01996153	0.00560784	0.03115624	0.08813637	0.01507132	0.03141698	0.00001877	0.00034399	0.00037384	0.01172217	0.02022905	0.01486924	0.01427842	0.00912853	0.14944021	0.00341663	0.00144669	0.01118629	0.10637192	0.01044460	0.00000000	0.00027985	0.01041772	0.05129680	0.06734632	0.03306644	0.00327418	0.00377633	0.17979034	0.04703699	0.01033902	0.00953185	0.03721738	0.00040623	0.00902192	0.07836260	0.01530337	0.05097292	0.00829064	0.00000000	0.02385974	0.00469066	0.00430031	0.00360006	0.00605557	0.03658370	0.01032706	0.02759072	0.01598277	0.19777616	0.00000000	0.10650111	0.00107465	0.00688322	0.00329045	0.00000510	0.00008045	0.00227490	0.00488278	0.00155435	0.01260969	0.01784289	0.00227628	0.00083645	0.01212046	0.00525051	0.00293319	0.00218587	0.14570431	0.00105786	0.00447872	0.00206894	0.00000000	0.01269258	0.00079333	0.00014315	0.02062306	0.00897568	0.02190026	0.04087643	0.00407953	0.00411909	0.00043189	0.09643774
G[C>T]G	0.28540695	0.00000000	0.00161142	0.00124164	0.03634827	0.28956068	0.00001456	0.00043073	0.00013867	0.00061130	0.00597089	0.01750608	0.04940137	0.02541966	0.02988225	0.00687570	0.00473889	0.00028688	0.00057283	0.00005390	0.46795539	0.00473270	0.00506318	0.00312237	0.03866339	0.00849752	0.05316716	0.00015001	0.00000000	0.01109448	0.02941969	0.05601175	0.03200156	0.02393561	0.03554485	0.00095178	0.04249368	0.01379106	0.00541796	0.02865636	0.01929858	0.07717333	0.00694790	0.01611081	0.01647628	0.01116306	0.01510812	0.02740092	0.00678952	0.01710407	0.06480700	0.01212911	0.00002889	0.13295320	0.00356329	0.00470065	0.00678071	0.00042875	0.00145268	0.01622389	0.01385608	0.00738691	0.01300384	0.05329847	0.03675223	0.00697663	0.03024235	0.02513369	0.00000000	0.01044932	0.02466586	0.00052094	0.02167830	0.02867100	0.02832306	0.00573149	0.00084958	0.00265897	0.01857208	0.03229801	0.04529620	0.01974268	0.03290701	0.00727614	0.02845921	0.00051084
G[C>T]T	0.00001991	0.00006316	0.01365734	0.00388673	0.02176722	0.04792961	0.01682636	0.00522392	0.00121366	0.06491508	0.00570713	0.01558394	0.01772547	0.02548598	0.01332059	0.00299098	0.07337998	0.00406665	0.00161852	0.01167842	0.05164798	0.01076475	0.00008219	0.00000000	0.00692111	0.11426811	0.03399609	0.01101859	0.00252224	0.00585545	0.10135103	0.01772772	0.01185235	0.00706657	0.01140224	0.00017882	0.00470820	0.01844807	0.00620806	0.05805113	0.00514300	0.00094613	0.00655785	0.00406313	0.00350409	0.00315767	0.00940036	0.02711268	0.01086443	0.02720290	0.01262214	0.09131565	0.00220360	0.07069728	0.00185968	0.00496407	0.00630724	0.00006164	0.00017037	0.01904106	0.00762825	0.00105436	0.00266513	0.00027406	0.00646999	0.00111319	0.00876946	0.00680233	0.00299753	0.00110103	0.19108469	0.00738393	0.00768465	0.00092736	0.00611801	0.01113894	0.00101145	0.00013291	0.02086255	0.00640221	0.00893888	0.01003396	0.00223565	0.00474119	0.00040259	0.06508566
G[T>A]A	0.00002656	0.00000000	0.00538367	0.00593440	0.00270983	0.00002072	0.00026442	0.00032165	0.00174767	0.00002306	0.00999799	0.00243515	0.00000274	0.00000000	0.00153980	0.00129804	0.00000102	0.00079376	0.00000539	0.00004047	0.00021570	0.00095005	0.00005075	0.00008879	0.00104437	0.00012501	0.00003601	0.00101042	0.04841621	0.04041785	0.00000000	0.00086505	0.02756688	0.00070101	0.10426225	0.00012831	0.00199005	0.00021635	0.00130563	0.00605165	0.00066880	0.02193823	0.00049198	0.00062147	0.00109590	0.00055597	0.00341672	0.00231404	0.00447059	0.00289408	0.00220637	0.00799275	0.00461950	0.00077691	0.00017689	0.00477633	0.01576028	0.00004596	0.00001758	0.00053951	0.01650152	0.00034175	0.00241381	0.00162456	0.00187517	0.00035541	0.00298136	0.00176623	0.00016293	0.00008470	0.00073406	0.01927334	0.00085556	0.00380323	0.00000000	0.00442622	0.04894515	0.00015258	0.00439436	0.00517334	0.00378943	0.00323730	0.00200187	0.00201961	0.00072024	0.00699824
G[T>A]C	0.00006586	0.00016165	0.00890212	0.00361632	0.00335341	0.00031020	0.00023052	0.00024432	0.00357897	0.00017005	0.01645716	0.00304042	0.00000000	0.00009677	0.00870323	0.00439261	0.00038932	0.00271461	0.00016314	0.00298993	0.00038802	0.00095905	0.00416957	0.00049415	0.00198650	0.00008035	0.00258908	0.00439392	0.01438529	0.00770725	0.00013058	0.00202083	0.00695269	0.00160687	0.00003478	0.00020370	0.00071444	0.00018679	0.00312089	0.00883232	0.00046648	0.00436096	0.00595420	0.00069548	0.00115115	0.00108828	0.00378432	0.00428189	0.00649072	0.00433480	0.00338436	0.00191272	0.00155159	0.00246686	0.00058710	0.00122203	0.00035051	0.00006842	0.00004959	0.00120781	0.00486041	0.00040613	0.00228573	0.00978265	0.00022280	0.00312999	0.00083419	0.00083362	0.00197442	0.00013340	0.00006841	0.00175376	0.00037804	0.00214593	0.00903661	0.00299743	0.00033199	0.00027686	0.00234743	0.00611019	0.00155547	0.00359907	0.00924650	0.00177093	0.00149074	0.00002307
G[T>A]G	0.00010909	0.00006838	0.01199122	0.01143006	0.00411386	0.00010744	0.00025923	0.00054379	0.00000000	0.00178039	0.01651806	0.00098161	0.00008197	0.00000000	0.00211804	0.00061400	0.00010731	0.00326977	0.00005123	0.00011415	0.00010700	0.00760405	0.00074031	0.00029810	0.00161927	0.00043577	0.00187110	0.00086866	0.04631719	0.00563027	0.00000000	0.00185983	0.03943429	0.00073790	0.00201728	0.00010752	0.00287861	0.00008791	0.00537495	0.01222610	0.00092565	0.01022099	0.00104179	0.00112010	0.00139517	0.00102122	0.00622852	0.00451898	0.00732202	0.00578501	0.00183565	0.00701564	0.00455985	0.00200650	0.00082327	0.00254746	0.00001750	0.00006854	0.00005204	0.00019883	0.00470417	0.00114050	0.00291185	0.00249525	0.01307602	0.00050014	0.00298564	0.02359595	0.00043740	0.00037921	0.00030558	0.00533499	0.00282019	0.00373476	0.00436060	0.00943063	0.00026215	0.00008994	0.00635127	0.00538658	0.00201685	0.00484249	0.00942343	0.00171021	0.00238008	0.00083630
G[T>A]T	0.00008452	0.00004973	0.00939366	0.00355829	0.00238116	0.00010095	0.00020208	0.00003424	0.02053835	0.00853512	0.02198191	0.00235600	0.00035344	0.00005452	0.01038859	0.00577951	0.00010926	0.00088062	0.00028830	0.00060231	0.00035511	0.00097781	0.00377739	0.00144387	0.00226187	0.00018747	0.00279069	0.00081042	0.00858748	0.00464966	0.00000000	0.00072289	0.01540589	0.00074780	0.00000000	0.00035892	0.00062174	0.00012579	0.00054300	0.00424739	0.00145539	0.00864980	0.00196541	0.00079216	0.00160339	0.00114730	0.00282167	0.00365442	0.00543153	0.00465671	0.00428665	0.00216798	0.00098069	0.00213303	0.00030116	0.00094103	0.00000324	0.00008179	0.00004579	0.00058019	0.00011828	0.00052972	0.00168950	0.00129183	0.00395695	0.00455099	0.00711050	0.00236707	0.00096625	0.00049573	0.00009084	0.01305383	0.00179666	0.00281793	0.01675230	0.00295624	0.02091691	0.00040641	0.00322240	0.00465941	0.00485730	0.00181216	0.00429845	0.00344414	0.00160600	0.00088856
G[T>C]A	0.00034347	0.00000000	0.00761034	0.00186657	0.01041106	0.00104460	0.00006660	0.00016266	0.00000000	0.00077829	0.00203084	0.00874815	0.00182252	0.00740993	0.01031168	0.00204116	0.00053815	0.06832521	0.00023077	0.00771922	0.00544517	0.00208203	0.00009665	0.00005430	0.00046213	0.00063101	0.00178853	0.19258433	0.00065006	0.00586593	0.00013028	0.00203866	0.01332653	0.07475697	0.00453067	0.00054310	0.00062661	0.00061486	0.00311290	0.00629261	0.01007325	0.00012586	0.00038768	0.00165255	0.02925573	0.00105840	0.00514574	0.00356468	0.01007978	0.00456125	0.00573846	0.00387648	0.00000000	0.01808332	0.00038561	0.01730439	0.00041075	0.00005551	0.00002298	0.00101711	0.00095450	0.00157830	0.00304302	0.00794847	0.00201407	0.00061773	0.00345587	0.00186008	0.00045364	0.00059133	0.00000000	0.02413826	0.00302238	0.00121746	0.00000000	0.00384679	0.00411994	0.00009555	0.02282312	0.01020680	0.00277026	0.00176435	0.00163610	0.00201174	0.00203689	0.00880094
G[T>C]C	0.00097001	0.00003381	0.00671229	0.00118535	0.00914986	0.00070414	0.00007621	0.00000000	0.00066692	0.00352254	0.00319391	0.01402608	0.00811947	0.00419316	0.00766773	0.00358663	0.00089283	0.04559353	0.00022840	0.00716270	0.00764184	0.00187709	0.01827254	0.00213612	0.00230230	0.00038298	0.00228567	0.08936096	0.00174880	0.00191017	0.00038987	0.00313873	0.00481340	0.03465255	0.00289940	0.00101333	0.00325075	0.00056961	0.00704613	0.00824135	0.01023172	0.00116412	0.00217392	0.00154307	0.02706837	0.00209882	0.00740738	0.00335534	0.00436821	0.00512653	0.00552730	0.00344081	0.02554870	0.00121252	0.00052452	0.07038900	0.00167567	0.00007118	0.00008225	0.00618857	0.00286575	0.00208663	0.00565506	0.00482059	0.00381778	0.00003606	0.00319981	0.00103870	0.00317104	0.00077008	0.00090300	0.02025093	0.00727483	0.00245895	0.00602441	0.00195557	0.00018113	0.00011784	0.00327521	0.00392759	0.00118779	0.00496693	0.01710869	0.00241863	0.00044784	0.00005465
G[T>C]G	0.00051883	0.00011468	0.01126761	0.00206788	0.01501408	0.00134994	0.00006476	0.00043851	0.00031771	0.00338933	0.00297537	0.00786032	0.00000000	0.00094299	0.01396816	0.00402077	0.00050588	0.05406187	0.00021255	0.01046417	0.00340463	0.00586403	0.00380272	0.00124930	0.00352168	0.00085449	0.00356652	0.13697254	0.00071761	0.00217808	0.00000000	0.00199428	0.01383297	0.08641254	0.00158041	0.00109609	0.00235165	0.00044661	0.00477877	0.00897825	0.23169236	0.00068870	0.00017766	0.00176153	0.01269865	0.00157825	0.00536007	0.00337242	0.00695208	0.00815028	0.00450569	0.00289836	0.00121596	0.01570696	0.00072495	0.03746885	0.00413940	0.00002237	0.00003087	0.00370676	0.00500023	0.00080807	0.00188241	0.11436563	0.00628695	0.00189274	0.00572854	0.01283897	0.00085401	0.00052668	0.00017925	0.00979453	0.00246908	0.00217255	0.00087212	0.00749678	0.00013111	0.00010944	0.00980815	0.00025155	0.00085856	0.00643595	0.00469068	0.00248220	0.00362388	0.00000077
G[T>C]T	0.00002335	0.00000990	0.00778987	0.00048669	0.01013101	0.00036881	0.00053558	0.00419508	0.00715301	0.30983663	0.00492051	0.00907429	0.00438896	0.00580565	0.00856862	0.00182160	0.00015789	0.04456036	0.00000000	0.00787145	0.00247728	0.00242934	0.00412365	0.00134335	0.00205922	0.00156334	0.00060227	0.11503341	0.00076845	0.00202477	0.00047823	0.00220177	0.01082988	0.04949491	0.00355977	0.00094272	0.00090065	0.00029308	0.00322772	0.00889469	0.00802944	0.00000000	0.00028931	0.00187431	0.03817586	0.00190177	0.00518112	0.00609901	0.00579742	0.00528643	0.00368917	0.00159430	0.00038779	0.00744550	0.00082081	0.04760023	0.00314696	0.00003895	0.00006117	0.00086364	0.00324859	0.00203137	0.00379731	0.00377774	0.00973780	0.00218651	0.00480609	0.00172617	0.00076148	0.00054164	0.00245080	0.06056257	0.00581798	0.00265000	0.01481934	0.00309690	0.00166561	0.00008515	0.00991716	0.00527115	0.00719308	0.00195707	0.00318313	0.00264802	0.00223469	0.00259654
G[T>G]A	0.00000000	0.00016525	0.00337051	0.00038490	0.00186070	0.00001767	0.00005977	0.00019751	0.00250533	0.00007278	0.00102323	0.00762706	0.00016900	0.00024246	0.00028740	0.00032995	0.00006364	0.00039592	0.00007052	0.00005464	0.00008569	0.00091165	0.00038896	0.00025640	0.00056788	0.00042067	0.00000000	0.00024699	0.00143355	0.00295410	0.00000000	0.00058956	0.00422641	0.00122655	0.00000000	0.00128308	0.00002605	0.00012363	0.00020890	0.00079174	0.00047972	0.00042144	0.00120766	0.00013065	0.01124487	0.00031379	0.00229388	0.00077615	0.00284839	0.00110495	0.00170449	0.00075931	0.04567175	0.00000000	0.00025943	0.00000000	0.02167038	0.00000270	0.00002305	0.00639011	0.00177149	0.00073697	0.00237584	0.00011853	0.00437539	0.00000000	0.00125343	0.00688572	0.00078589	0.02191266	0.00001263	0.00860812	0.00094810	0.00142717	0.00000000	0.00972110	0.00798670	0.00005616	0.00043013	0.00334811	0.00085482	0.00017205	0.00430244	0.00053164	0.00195484	0.01804331
G[T>G]C	0.00000000	0.00016412	0.00278489	0.00025415	0.00197056	0.00013512	0.00012452	0.00030635	0.00261722	0.00003386	0.00079970	0.00838983	0.00107699	0.00074108	0.00078362	0.00206069	0.00000000	0.00031945	0.00000000	0.00229995	0.00038209	0.00142123	0.00025017	0.00890048	0.00003767	0.00072570	0.00006722	0.00071839	0.00033284	0.00069468	0.00008110	0.00131569	0.00000000	0.00169071	0.00007518	0.00333174	0.00008302	0.00036229	0.00093519	0.00079512	0.00082086	0.00000000	0.00542946	0.00034499	0.01020269	0.00091240	0.00623553	0.00118249	0.00408510	0.00094614	0.00140399	0.00007327	0.08819551	0.00001912	0.00047851	0.00012220	0.01598805	0.00007449	0.00002379	0.01103129	0.00669095	0.00057102	0.00147302	0.00166490	0.00385392	0.00000121	0.00023894	0.00358217	0.00164535	0.03492663	0.00128204	0.00139600	0.00072876	0.00078204	0.00301220	0.00151008	0.00009057	0.00121050	0.00035880	0.00377845	0.00066024	0.00042049	0.00425551	0.00008283	0.00137486	0.00000544
G[T>G]G	0.00015432	0.00003976	0.01126761	0.00212023	0.00530497	0.00015097	0.00029051	0.00199775	0.00825776	0.00501146	0.00420363	0.00494540	0.00000000	0.00118215	0.00067399	0.00022765	0.00011723	0.00064614	0.00046435	0.00074296	0.00019856	0.00092482	0.00088943	0.00183066	0.00515864	0.00045728	0.00007639	0.00024936	0.00055581	0.00167627	0.00012719	0.00233786	0.00897078	0.00285210	0.00609038	0.00469322	0.00060561	0.00123020	0.00237541	0.00280920	0.00606653	0.00008847	0.00375788	0.00146475	0.01269865	0.00182301	0.00720902	0.00174951	0.00362017	0.00305666	0.00154041	0.00037019	0.24420528	0.00009352	0.00014307	0.00127373	0.03631987	0.00003176	0.00006955	0.03506939	0.08355651	0.00121123	0.00347804	0.00000000	0.31277838	0.00000000	0.00104497	0.02706595	0.00198346	0.69732549	0.00019270	0.00295004	0.00041860	0.00177482	0.00436060	0.05006604	0.00039322	0.00005539	0.00163580	0.00105099	0.00178894	0.00037002	0.02360390	0.00190984	0.00442009	0.00003228
G[T>G]T	0.00000478	0.00000000	0.00445244	0.00016244	0.00173780	0.00032037	0.00055143	0.00112073	0.00682926	0.00666441	0.00100913	0.01785407	0.00183357	0.00260497	0.00605860	0.00079683	0.00010260	0.00015880	0.00000233	0.00158132	0.00058762	0.00241922	0.00569757	0.10417807	0.00139896	0.00022589	0.00231043	0.00224012	0.00001807	0.00107025	0.00000000	0.00147888	0.00211259	0.00542471	0.00218333	0.02282017	0.00066823	0.00010538	0.00193388	0.00054127	0.00037294	0.00048221	0.00230214	0.00034586	0.01632018	0.00208260	0.00409798	0.00144425	0.00667097	0.00135356	0.00329086	0.00061370	0.05584722	0.00187814	0.00029289	0.00047051	0.08720720	0.00000407	0.00003565	0.02694255	0.00169315	0.00056434	0.00110279	0.00000845	0.00111289	0.00009661	0.00253754	0.01444172	0.00476727	0.03688762	0.00089674	0.00327833	0.00150242	0.00099688	0.01481934	0.00287610	0.00362298	0.00003009	0.00015620	0.00551237	0.00142012	0.00027765	0.00103305	0.00051550	0.00149759	0.00002057
T[C>A]A	0.00002432	0.00057087	0.00724644	0.02894567	0.00655773	0.00016350	0.00029058	0.00200376	0.00287653	0.01253167	0.02630110	0.01765156	0.08798988	0.00025403	0.05504661	0.24563112	0.00013529	0.00377873	0.07177648	0.00027515	0.00820361	0.01233387	0.00016870	0.00001279	0.05443105	0.00103138	0.00125210	0.00142470	0.00080820	0.00601940	0.00143835	0.01855299	0.00597164	0.00094891	0.00758268	0.01787254	0.02963219	0.00051716	0.00144422	0.00756925	0.01110227	0.00557097	0.00408598	0.11251584	0.00215356	0.01245176	0.00465461	0.02295521	0.02250984	0.00976189	0.00354165	0.00383831	0.00532111	0.00064553	0.04263892	0.01088238	0.01880985	0.04953766	0.01297434	0.01582333	0.03262998	0.34193717	0.00163647	0.00052706	0.00151718	0.20939906	0.01446643	0.00710556	0.00001712	0.00177359	0.00157304	0.00245627	0.00657310	0.00183087	0.00000000	0.01354825	0.00286249	0.21029806	0.01310971	0.01000536	0.01906159	0.04338492	0.00725632	0.00289795	0.00166358	0.01394994
T[C>A]C	0.00127590	0.00020722	0.01975028	0.04653811	0.01043844	0.00031206	0.00064654	0.00331838	0.02211525	0.01163862	0.03022503	0.00348502	0.01273314	0.00295305	0.01066081	0.01864372	0.00096194	0.00426672	0.03644498	0.02628918	0.00378084	0.00914637	0.00003137	0.00000000	0.04387450	0.00115227	0.00336672	0.00031421	0.00244285	0.00755400	0.00061177	0.04408596	0.01197483	0.00086955	0.00916204	0.00077077	0.03676229	0.00024635	0.00993711	0.00986032	0.00650460	0.00217169	0.02443613	0.08405184	0.00233593	0.01103801	0.00834719	0.03343632	0.01679110	0.00907237	0.00251097	0.05544967	0.00000619	0.00229223	0.05835750	0.00857063	0.00012318	0.00206580	0.00274945	0.00100673	0.00356656	0.04705541	0.00304392	0.00004353	0.00000000	0.01722027	0.00097860	0.00056432	0.01989750	0.00019527	0.00000933	0.00029202	0.00413608	0.00260621	0.00396730	0.01971192	0.00152047	0.03887624	0.01545718	0.00557246	0.02092137	0.04117143	0.00372406	0.00432886	0.00408296	0.00004067
T[C>A]G	0.00000000	0.00019917	0.00317540	0.02071942	0.00501544	0.00024008	0.00006695	0.00054178	0.00000000	0.00000000	0.00438290	0.00120766	0.00283801	0.00085301	0.00635243	0.01908302	0.00000000	0.00143320	0.02873366	0.00001467	0.00009584	0.00444746	0.00000000	0.00025629	0.02448187	0.00055672	0.00000000	0.00017421	0.00000000	0.00258106	0.00016104	0.01593055	0.00000000	0.00032522	0.00405890	0.00042139	0.02981434	0.00016045	0.00193810	0.00483913	0.00334069	0.00000000	0.00019197	0.03065932	0.00315207	0.00437608	0.00612349	0.01185509	0.00372352	0.00418451	0.00057889	0.00177823	0.00000000	0.00000062	0.03186603	0.00578109	0.00006954	0.74030487	0.04174410	0.00009120	0.01084564	0.25809745	0.00071607	0.00170496	0.00022580	0.01364501	0.00058963	0.00687930	0.00119633	0.00047044	0.00000000	0.00000001	0.00216211	0.00378988	0.00189998	0.00438679	0.00028563	0.52418857	0.00552246	0.00046190	0.00514733	0.02234454	0.00048159	0.00102792	0.03066207	0.00003677
T[C>A]T	0.00000219	0.00039597	0.00865361	0.03025688	0.01067353	0.00034559	0.00046009	0.00098139	0.00428895	0.00021150	0.02836103	0.02855423	0.63176163	0.04681824	0.17394870	0.32664327	0.00003584	0.00257044	0.03249054	0.12061074	0.00386764	0.01064121	0.00025758	0.00266917	0.09064081	0.00103894	0.00066678	0.00000000	0.00041298	0.00688715	0.00016326	0.01429901	0.02132272	0.00142666	0.01058356	0.00070126	0.02714193	0.00049775	0.00351190	0.00755423	0.01202952	0.00004207	0.01194951	0.16719815	0.00264662	0.01970044	0.00513567	0.02002288	0.01645467	0.01124115	0.00635921	0.02069694	0.00000000	0.01265467	0.04160941	0.00267371	0.00021527	0.00007525	0.00347593	0.00155199	0.00034066	0.04528264	0.00053776	0.00571399	0.00356606	0.38719544	0.00630797	0.01427649	0.00278538	0.00035909	0.00091549	0.00261822	0.00702423	0.00190337	0.01318092	0.01622619	0.00206906	0.04853041	0.01172744	0.00891518	0.00620242	0.04099901	0.00889088	0.00500728	0.00138761	0.00294685
T[C>G]A	0.00000000	0.00000000	0.01145988	0.00260366	0.00651601	0.00002281	0.00000000	0.00017550	0.00221447	0.00411127	0.00129740	0.00279310	0.00005195	0.00000000	0.00023666	0.00011468	0.00001171	0.00105218	0.28801448	0.00001561	0.00010207	0.00286648	0.00332951	0.00016496	0.00157835	0.00130791	0.00009446	0.00063819	0.00366990	0.00583249	0.00014248	0.00233469	0.00843257	0.00132523	0.00307377	0.00014373	0.00007015	0.00009437	0.00030748	0.00000000	0.01212853	0.00000081	0.00514042	0.00317598	0.00192744	0.00187128	0.02700919	0.00685599	0.00817117	0.00528676	0.02129271	0.00042071	0.00000373	0.00050931	0.00219857	0.00247729	0.00015359	0.00005473	0.00001892	0.00077618	0.00187371	0.00145913	0.00229229	0.00369493	0.00615593	0.00108046	0.00230654	0.00205357	0.00000170	0.00046447	0.00000000	0.00119757	0.03241751	0.00029233	0.00000000	0.01934252	0.00091774	0.00003074	0.01717329	0.01295927	0.00460138	0.00370800	0.00142285	0.00136454	0.00249591	0.03476530
T[C>G]C	0.00010237	0.00012030	0.02386492	0.00590409	0.00865127	0.00007081	0.00005171	0.00152721	0.00717967	0.00088190	0.00161361	0.00283335	0.00000000	0.00000000	0.00049376	0.00008463	0.00022972	0.00229632	0.07871620	0.00016228	0.00003982	0.00814916	0.00087584	0.00008694	0.00466921	0.00318148	0.00002816	0.00084011	0.00213399	0.00829588	0.00024508	0.00473988	0.00383899	0.00102828	0.00454449	0.00023191	0.00610916	0.00099961	0.00309343	0.00116753	0.00319502	0.00024921	0.00595565	0.00262390	0.00163074	0.00209242	0.03897477	0.00898241	0.02279926	0.01182210	0.02073011	0.00192020	0.00118695	0.00000970	0.00182708	0.00289711	0.00180710	0.00019077	0.00008232	0.00056018	0.00450185	0.00144786	0.00417285	0.00055572	0.00390210	0.00038354	0.00386473	0.00236776	0.00205870	0.00041688	0.00011737	0.00322205	0.04963689	0.00177190	0.00000000	0.01948442	0.00062608	0.00013180	0.00492381	0.00974742	0.00551155	0.00356433	0.00157077	0.00332996	0.00645618	0.03051008
T[C>G]G	0.00006703	0.00009620	0.00117107	0.00347858	0.00372887	0.00000234	0.00001236	0.00065736	0.00002610	0.00250824	0.00018040	0.00109639	0.00000000	0.00000000	0.00002486	0.00004859	0.00000000	0.00060734	0.03277062	0.00003791	0.00007279	0.00131036	0.00088183	0.00004177	0.00173301	0.00086145	0.00023731	0.00015992	0.00104241	0.00160055	0.00000000	0.00219676	0.00463289	0.00024877	0.00003585	0.00008037	0.00153698	0.00020586	0.00084424	0.00202715	0.00019597	0.00000000	0.00031410	0.00062987	0.00242034	0.00202256	0.01957077	0.00205141	0.00395563	0.00547359	0.00539742	0.00040718	0.00324511	0.00000000	0.00030995	0.00023124	0.00000000	0.00002943	0.00006520	0.00022420	0.00516004	0.00111906	0.00299564	0.00253273	0.00052189	0.00020972	0.00351664	0.00158753	0.00076422	0.00015116	0.00000142	0.00056129	0.00930239	0.03120146	0.00189998	0.00818868	0.00022850	0.00004247	0.00068858	0.00185123	0.00205819	0.00111830	0.00143626	0.00041676	0.07624353	0.00000850
T[C>G]T	0.00058084	0.00106192	0.02039717	0.00247623	0.01050544	0.00005922	0.00021090	0.00049696	0.01414318	0.00009447	0.00022138	0.00588866	0.00005139	0.00002490	0.00031983	0.00016121	0.00014007	0.00333610	0.33771861	0.00025640	0.00008360	0.03278642	0.00025311	0.00155788	0.00236260	0.00121210	0.00082610	0.00067531	0.00040464	0.00725995	0.00031699	0.00255250	0.01421515	0.00225209	0.00229796	0.00018004	0.00022189	0.00008159	0.00331636	0.00054227	0.01889010	0.00282563	0.01655749	0.00610113	0.00276593	0.00279916	0.03975243	0.01377373	0.02525670	0.00959100	0.04807135	0.00028885	0.00021355	0.00197443	0.00220798	0.00436705	0.00103596	0.00005956	0.00021610	0.00035318	0.00306596	0.00179646	0.00230910	0.00024681	0.00185330	0.00039586	0.01314585	0.01757854	0.00110542	0.00067307	0.00376711	0.00794585	0.08571959	0.00581584	0.00512591	0.02261313	0.00204705	0.00016955	0.02044594	0.02621636	0.00959385	0.00275814	0.00363804	0.00313072	0.00168266	0.01302785
T[C>T]A	0.00041028	0.47885274	0.00496308	0.00272002	0.01693662	0.00551129	0.17732990	0.00456720	0.01974760	0.00022755	0.00444824	0.00443366	0.00034260	0.00155494	0.00219821	0.00126340	0.00735103	0.00599384	0.00629634	0.00280698	0.01263929	0.00726328	0.00047235	0.00011135	0.00840805	0.03280982	0.00590902	0.00351296	0.00163909	0.00796432	0.01033181	0.00149420	0.00955118	0.00332825	0.02013479	0.00604917	0.00418915	0.07281898	0.00580796	0.01929263	0.01371456	0.00242670	0.00229497	0.00853844	0.00432866	0.00453751	0.00302005	0.03522731	0.02773393	0.01762951	0.01251883	0.00362758	0.00003141	0.00105949	0.00159896	0.01636781	0.00805819	0.00008549	0.00007374	0.01615646	0.00155381	0.00108329	0.00351198	0.00000000	0.00000000	0.00019123	0.00823474	0.00413607	0.00011624	0.00003572	0.00005345	0.00483023	0.00659459	0.00000399	0.00000000	0.00815101	0.00299470	0.02296095	0.01510152	0.00866351	0.00716113	0.00680062	0.00654169	0.04128053	0.00023596	0.00125545
T[C>T]C	0.00001881	0.11860019	0.01563563	0.00693606	0.02618147	0.00657955	0.33648707	0.19891429	0.02133655	0.00847399	0.00030345	0.01038421	0.00352492	0.03769020	0.01125349	0.00463806	0.16203230	0.00391116	0.00555352	0.00014821	0.00622114	0.00573401	0.00010974	0.00084966	0.01147177	0.02549263	0.00918105	0.00010745	0.00185320	0.00719957	0.04017048	0.01036317	0.00757232	0.00349201	0.01167539	0.00704264	0.00000000	0.13584969	0.02606107	0.04107581	0.00403515	0.00051444	0.01332880	0.00746886	0.00367285	0.00693955	0.00560727	0.05224737	0.01694973	0.02335241	0.00944534	0.03357786	0.00000000	0.00232320	0.00183617	0.01520985	0.05633885	0.00017279	0.00031315	0.11817159	0.00220728	0.00153835	0.00482512	0.00071051	0.00488952	0.00024004	0.02387849	0.02012600	0.00027581	0.00114763	0.02771858	0.00516748	0.00850752	0.00385119	0.00000000	0.01238291	0.00190804	0.00011506	0.02092321	0.01080244	0.02034708	0.00939446	0.00356680	0.00997927	0.00056207	0.00399267
T[C>T]G	0.10626823	0.10320721	0.00222728	0.00053414	0.03467197	0.06242027	0.14430249	0.10365986	0.00013842	0.00502797	0.00009620	0.00884713	0.00682590	0.65055404	0.02053770	0.01317397	0.00000058	0.00025113	0.00282587	0.01102549	0.02642794	0.00901432	0.00041075	0.00016816	0.02274694	0.00843866	0.00505238	0.00080850	0.00010310	0.00449338	0.00506544	0.00437724	0.03171054	0.00695387	0.01290449	0.00568395	0.02467394	0.02854871	0.01706744	0.02002749	0.00938806	0.00102300	0.00155023	0.00811325	0.00965322	0.00638025	0.00988710	0.01541425	0.00588488	0.01485220	0.01375921	0.00071601	0.00000000	0.00000000	0.00304730	0.00855601	0.00564353	0.00041975	0.00096269	0.00864143	0.01550401	0.00421816	0.01633984	0.00000000	0.01096187	0.00038486	0.01216281	0.00841643	0.00000000	0.00397006	0.00001365	0.00052154	0.02747235	0.07115036	0.03039976	0.00549090	0.00108512	0.00337065	0.00830652	0.02559392	0.01003846	0.00539481	0.01001960	0.02052313	0.03059055	0.00005975
T[C>T]T	0.00000000	0.26998026	0.00709127	0.00528946	0.01764914	0.00323387	0.08030866	0.07099404	0.00266766	0.05536660	0.00468535	0.00571085	0.02149875	0.07344038	0.01179406	0.00775171	0.09010101	0.00669409	0.00129962	0.00028675	0.00083599	0.02542385	0.00031124	0.00092954	0.00278609	0.04735475	0.00003686	0.00007186	0.00000000	0.00531939	0.01789017	0.00295387	0.01074804	0.00217057	0.01283837	0.00250540	0.00282646	0.03929627	0.01525211	0.05250349	0.00849585	0.00106191	0.00627935	0.00669596	0.00633452	0.00466291	0.00331662	0.02822336	0.01168526	0.02326207	0.01239508	0.01144776	0.00071128	0.00230224	0.00197980	0.00392144	0.09070282	0.00000235	0.00012394	0.06862325	0.03903804	0.00122486	0.00476020	0.00018729	0.02757986	0.00007900	0.03790896	0.17384302	0.00151996	0.00345821	0.01280678	0.04918436	0.01004212	0.00504092	0.00000000	0.00822172	0.00396204	0.00008869	0.02186312	0.01065089	0.00983455	0.00293299	0.01024430	0.02323648	0.00030629	0.00003100
T[T>A]A	0.00145464	0.00022079	0.00328500	0.00378216	0.00308309	0.00012211	0.00015534	0.00131105	0.01029473	0.01075095	0.00594404	0.01581006	0.00111831	0.00102070	0.00533627	0.00495797	0.00008187	0.00238464	0.00015750	0.00009287	0.00030446	0.00822634	0.00006188	0.00071853	0.00466488	0.00021622	0.00514575	0.00014687	0.04256662	0.07814433	0.00000000	0.00150218	0.01098541	0.00066946	0.03311687	0.00013760	0.00029332	0.00012271	0.00304665	0.00023326	0.00224014	0.20782503	0.00195245	0.00114962	0.00154497	0.00100525	0.00304954	0.00464748	0.00749186	0.00475545	0.05050554	0.00374641	0.00003773	0.00308464	0.00015880	0.00233162	0.10168323	0.00000550	0.00009700	0.00082425	0.01075897	0.00045315	0.00111272	0.00071514	0.00184341	0.00527482	0.00178920	0.00671898	0.00088366	0.00058104	0.00290481	0.04452167	0.00176351	0.00221637	0.01575170	0.00357383	0.29673299	0.00084602	0.00422853	0.01224176	0.00456020	0.00188361	0.00630009	0.00199916	0.00047281	0.00579159
T[T>A]C	0.00000000	0.00017893	0.00943762	0.00326981	0.00360310	0.00005462	0.00030234	0.00161451	0.04072292	0.00141044	0.01795299	0.00200378	0.00035152	0.00039511	0.00236101	0.00075330	0.00015838	0.00730585	0.00021988	0.00143096	0.00007811	0.00556336	0.00527921	0.00026027	0.00210038	0.00037032	0.00024289	0.00080925	0.02571772	0.01511555	0.00000000	0.00212368	0.00306079	0.00132964	0.00005264	0.00162969	0.00131986	0.00018680	0.00303737	0.00198816	0.00021119	0.00000000	0.00428653	0.00084906	0.00126926	0.00068100	0.00299608	0.00794043	0.01758135	0.00957392	0.01596094	0.00177428	0.00082643	0.00001634	0.00018208	0.00396855	0.00001428	0.00000318	0.00002343	0.00057684	0.00245987	0.00036053	0.00227610	0.00014711	0.00006320	0.00080292	0.00974028	0.00090313	0.00140078	0.00000000	0.00068084	0.01027185	0.00137131	0.00177497	0.00000000	0.00284156	0.00129925	0.00014729	0.00262216	0.01094372	0.00329613	0.00237432	0.01972765	0.00209914	0.00225647	0.00004155
T[T>A]G	0.00000911	0.00003942	0.00509176	0.00611034	0.00351951	0.00001193	0.00000000	0.00103446	0.01226435	0.00542137	0.01002684	0.01527099	0.00057129	0.00003541	0.00045574	0.00315909	0.00013305	0.00264888	0.00015043	0.00024930	0.00006259	0.00520981	0.00143093	0.00000000	0.00116268	0.00024551	0.00011349	0.00008465	0.06658555	0.04805777	0.00011002	0.00109111	0.00772949	0.00024767	0.00000000	0.00035332	0.00053347	0.00012433	0.00223607	0.00120578	0.00054228	0.00892772	0.00094228	0.00061281	0.00121382	0.00049812	0.00374275	0.00413610	0.00844599	0.00577187	0.00875407	0.00353276	0.00003823	0.00000334	0.00038373	0.00038959	0.00044305	0.00000293	0.00002613	0.00005530	0.00324392	0.00050492	0.00086364	0.00022827	0.00727970	0.00535555	0.00392008	0.00070389	0.00028802	0.00003277	0.00052129	0.00749109	0.00094150	0.00195892	0.00448140	0.00762791	0.00075050	0.00041146	0.00524955	0.00919099	0.00284854	0.00257079	0.00623767	0.00196407	0.00203173	0.01288052
T[T>A]T	0.00053482	0.00011778	0.00720337	0.00262845	0.00469464	0.00012582	0.00038236	0.00000000	0.20480287	0.01929881	0.02151099	0.01135133	0.00318437	0.00055675	0.00284159	0.00425124	0.00032579	0.00366597	0.00003623	0.00092805	0.00014569	0.00525838	0.00113052	0.00086857	0.00336754	0.00032346	0.00315957	0.00004795	0.01991960	0.02708193	0.00000000	0.00087681	0.00802353	0.00085223	0.00132926	0.00459738	0.00050591	0.00033497	0.00443403	0.00035569	0.00163191	0.03859441	0.00269740	0.00138555	0.00135029	0.00113100	0.00535586	0.00977705	0.02564255	0.01043798	0.03681250	0.00170363	0.00000000	0.00676469	0.00059553	0.00193447	0.00311352	0.00010944	0.00008394	0.00157990	0.00375001	0.00063503	0.00200228	0.00000000	0.00117753	0.00045747	0.01880125	0.00905205	0.00138818	0.00029925	0.00342766	0.05101587	0.00116778	0.00154638	0.06030494	0.00351522	0.14847270	0.00020592	0.00343170	0.02015802	0.00841319	0.00204733	0.02234215	0.00240958	0.00139620	0.00341009
T[T>C]A	0.00005520	0.00000000	0.00767005	0.00102646	0.00879487	0.00039807	0.00093814	0.00242787	0.02018837	0.05227407	0.00107510	0.00851311	0.00040018	0.00295536	0.00910500	0.00313745	0.00004974	0.05475142	0.00001176	0.00291158	0.00095528	0.00869451	0.00108673	0.00064003	0.00077748	0.00054273	0.00591762	0.04811817	0.00274489	0.01557832	0.00000000	0.00053232	0.00730681	0.02506031	0.00107881	0.00095884	0.00099438	0.00023672	0.00208718	0.00040866	0.00601012	0.00106969	0.00016709	0.00138796	0.03007958	0.00086929	0.00270766	0.00359349	0.01047654	0.00737101	0.03985300	0.00300594	0.00006777	0.00881959	0.00049942	0.00481868	0.00089299	0.00014155	0.00003995	0.00053161	0.00238731	0.00119546	0.00255207	0.00218233	0.00249192	0.00031806	0.00290300	0.00186889	0.00086675	0.00012341	0.00019142	0.00959056	0.00068966	0.00261503	0.00298005	0.00378922	0.00840744	0.00011757	0.01785698	0.05589086	0.00392907	0.00142915	0.00102320	0.00125933	0.00531788	0.01695356
T[T>C]C	0.00130709	0.00004054	0.00808040	0.00038160	0.00845074	0.00052221	0.00046323	0.00124692	0.02488623	0.01639777	0.00243056	0.01473051	0.00504824	0.00004813	0.01598996	0.00641044	0.00036616	0.05244352	0.00002360	0.00238217	0.00294539	0.00437206	0.01417051	0.00118306	0.00475470	0.00043113	0.01267928	0.05578226	0.00000000	0.00226103	0.00013384	0.00194833	0.00665115	0.03313556	0.00389906	0.00267269	0.00102580	0.00022168	0.00834264	0.00099002	0.01216520	0.00849243	0.00066482	0.00189790	0.05065806	0.00160711	0.00522893	0.00266809	0.00572509	0.00605592	0.02991282	0.00237880	0.03163009	0.00828902	0.00076448	0.05011450	0.02031802	0.00016836	0.00003486	0.02519341	0.00374702	0.00167583	0.00321595	0.00673073	0.00089137	0.00131659	0.02817612	0.01971203	0.00168696	0.00099833	0.00042407	0.03073618	0.00159771	0.00341344	0.00303322	0.00229576	0.00066102	0.00011690	0.00400647	0.01402370	0.00382645	0.00382473	0.02435617	0.00418016	0.00202836	0.00012428
T[T>C]G	0.00013542	0.00009205	0.00525870	0.00111446	0.00933149	0.00086153	0.00020932	0.00231841	0.01296804	0.02207271	0.00000000	0.00851335	0.00029925	0.00033508	0.01217504	0.00415001	0.00010260	0.03825100	0.00007986	0.00300974	0.00055446	0.00727161	0.00183753	0.00109868	0.00211750	0.00071085	0.00773819	0.02371901	0.00110976	0.00532003	0.00017960	0.00111304	0.00370561	0.02699474	0.00108468	0.00155198	0.00021882	0.00013284	0.00274210	0.00115783	0.26292456	0.00126390	0.00029907	0.00096982	0.00948296	0.00118953	0.00341372	0.00272122	0.00538973	0.00739460	0.01931738	0.00226017	0.00002067	0.01272973	0.00072755	0.01846647	0.00154872	0.00010449	0.00002190	0.00074810	0.00198821	0.00069443	0.00254774	0.06133414	0.00319447	0.00155783	0.00263714	0.00183401	0.00085835	0.00008428	0.00001489	0.00425378	0.00124806	0.00068888	0.00000000	0.00658783	0.00017319	0.00008336	0.01005774	0.00976024	0.00139692	0.00423575	0.00298038	0.00149703	0.00447181	0.00018102
T[T>C]T	0.00102923	0.00002057	0.00770206	0.00029745	0.00992581	0.00051391	0.00038907	0.00131968	0.06467073	0.03046808	0.00259381	0.02564065	0.00195637	0.00000919	0.01171674	0.00460811	0.00005124	0.04168734	0.00031025	0.00148896	0.00041407	0.00616171	0.01199036	0.00066303	0.00159839	0.00070651	0.00908788	0.02554047	0.00000000	0.00290602	0.00000000	0.00146936	0.00940690	0.03734183	0.00105377	0.00165570	0.00034655	0.00021264	0.00604186	0.00034218	0.00547171	0.00594018	0.00052851	0.00143687	0.04251668	0.00138434	0.00474520	0.00424423	0.00771128	0.00648043	0.03172068	0.00114221	0.00099941	0.01805538	0.00023350	0.02076708	0.00823114	0.00013667	0.00005275	0.00273671	0.01251964	0.00094781	0.00086319	0.00633297	0.00049737	0.00017524	0.12685965	0.01984012	0.00121176	0.00074531	0.00476806	0.07640760	0.00169802	0.00193644	0.07806919	0.00375833	0.00365086	0.00051593	0.00811166	0.00915961	0.00814276	0.00264322	0.00624003	0.00266920	0.00267665	0.00866508
T[T>G]A	0.00000000	0.00000874	0.00365841	0.00016057	0.00255051	0.00002824	0.00005585	0.00038644	0.01290184	0.00013584	0.00000000	0.03995081	0.00147463	0.00376926	0.00467644	0.01105245	0.00003745	0.00103653	0.00009790	0.00004604	0.00006452	0.00654094	0.00000000	0.00000737	0.00030063	0.00072656	0.00000000	0.00026574	0.00299982	0.00790442	0.00007356	0.00004485	0.00104815	0.00084719	0.00074638	0.03096112	0.00017929	0.00005135	0.00102313	0.00001030	0.00025570	0.00000000	0.00194791	0.00036825	0.01153997	0.00048202	0.00382446	0.00271728	0.00850872	0.00209548	0.02625536	0.00050687	0.00010091	0.00000000	0.00011120	0.00036270	0.00157088	0.00005849	0.00003464	0.00015948	0.00136494	0.00061715	0.00046662	0.00001495	0.00309448	0.00529722	0.00190769	0.00045057	0.00067648	0.00082785	0.00082932	0.00525739	0.00320819	0.00219624	0.02256324	0.00346080	0.01544563	0.00219647	0.00114187	0.03179758	0.00180091	0.00000159	0.00341335	0.00102525	0.00371114	0.02551727
T[T>G]C	0.00002124	0.00006561	0.00564459	0.00013201	0.00570925	0.00013750	0.00009016	0.00111718	0.02071868	0.00013187	0.00104956	0.00933654	0.00000000	0.00329753	0.00090842	0.00073050	0.00005277	0.00127994	0.00000000	0.00099257	0.00014627	0.00656405	0.00010744	0.00941072	0.00161568	0.00157484	0.00000000	0.00038579	0.00081948	0.00262685	0.00000000	0.00171453	0.00051971	0.00181507	0.00031282	0.04654394	0.00006790	0.00007473	0.00192772	0.00018177	0.00015961	0.00000000	0.00156903	0.00061932	0.02190315	0.00066266	0.00412468	0.00558776	0.02492538	0.00385744	0.01730032	0.00021511	0.00726875	0.00000000	0.00009382	0.00092292	0.00002613	0.00009252	0.00005677	0.00056902	0.00330844	0.00086098	0.00278759	0.00058021	0.00513904	0.00000100	0.00417893	0.00159909	0.00175474	0.00970848	0.00058115	0.00843958	0.00189683	0.00119074	0.02729900	0.00262993	0.00027353	0.00009425	0.00027683	0.01400942	0.00097329	0.00031707	0.00621419	0.00090439	0.00372466	0.00000897
T[T>G]G	0.00018978	0.00007506	0.00610859	0.00148595	0.00509926	0.00013105	0.00000000	0.00082148	0.00768030	0.00012101	0.00240178	0.00996729	0.00001780	0.00138445	0.00089276	0.00262952	0.00006686	0.00083674	0.00002937	0.00007961	0.00006217	0.00527015	0.00071937	0.00434025	0.00094183	0.00136247	0.00179913	0.00011258	0.00506669	0.00684941	0.00010824	0.00166682	0.00714599	0.00253020	0.00221653	0.01540972	0.00010392	0.00053202	0.00365841	0.00056041	0.00078795	0.00174648	0.00329116	0.00063390	0.02863854	0.00117714	0.00499034	0.00307641	0.01184012	0.00432147	0.01828084	0.00194202	0.01695949	0.00061116	0.00041541	0.00070126	0.00150951	0.00012314	0.00003890	0.00639554	0.00222164	0.00096052	0.00331962	0.00533551	0.06104814	0.00008505	0.00481100	0.00572278	0.00124619	0.01848057	0.00000000	0.00379372	0.00135948	0.00080349	0.00000000	0.00381847	0.00036563	0.00034849	0.00135513	0.01131896	0.00202758	0.00029499	0.02114044	0.00127358	0.00589191	0.00019410
T[T>G]T	0.00000000	0.00000000	0.00581810	0.00026565	0.00724316	0.00029830	0.00003974	0.00078648	0.01592911	0.00011735	0.00056530	0.04266764	0.01137707	0.03329499	0.01477162	0.00886149	0.00002684	0.00154320	0.00001104	0.00030850	0.00183725	0.01160369	0.00261504	0.08088975	0.00244739	0.00203303	0.00071102	0.00000000	0.00039376	0.00372393	0.00000000	0.00158546	0.00435484	0.00614774	0.00009642	0.38498999	0.00039123	0.00424799	0.00364509	0.00031767	0.00134993	0.00019465	0.00180492	0.00092883	0.02015042	0.00239319	0.00545597	0.00800738	0.03052852	0.00591288	0.06048259	0.00084214	0.00071697	0.00438001	0.00031019	0.00056896	0.00259102	0.00000008	0.00009231	0.00085690	0.00171043	0.00119898	0.00277875	0.00025281	0.02310200	0.01783168	0.07741692	0.01345408	0.00000000	0.01795525	0.00320587	0.01032430	0.00241287	0.00183739	0.08274399	0.00314947	0.00760292	0.00040856	0.00101878	0.03574929	0.00161893	0.00013348	0.00804726	0.00085681	0.00448996	0.00577219
