MutationType	Signature_1	Signature_2	Signature_3	Signature_4	Signature_5	Signature_6	Signature_7	Signature_8	Signature_9	Signature_10	Signature_11	Signature_12	Signature_13	Signature_14	Signature_15	Signature_16	Signature_17	Signature_18	Signature_19	Signature_20	Signature_21	Signature_22	Signature_23	Signature_24	Signature_25	Signature_26	Signature_27	Signature_28	Signature_29	Signature_30
A[C>A]A	0.00519105	0.00053711	0.01728278	0.02347759	0.01125657	0.00078979	0.00024818	0.02861221	0.01078160	0.00042799	0.00012850	0.00660063	0.00027805	0.00005579	0.00065615	0.01368551	0.00145070	0.03295949	0.00685387	0.00073521	0.00007630	0.00127375	0.00027488	0.01673937	0.00770553	0.00160382	0.00504418	0.00134498	0.04298740	0.00000000
A[C>A]C	0.00627654	0.00071437	0.02043153	0.02915089	0.00990138	0.00190788	0.00045500	0.03799626	0.00882896	0.00089674	0.00094236	0.00590915	0.00079031	0.00343652	0.00296110	0.01209316	0.00039747	0.01046452	0.00695211	0.00202100	0.00078338	0.00304435	0.00032619	0.01732503	0.00799233	0.00171501	0.00673389	0.00129471	0.04968803	0.00000000
A[C>A]G	0.00175786	0.00019700	0.00420397	0.02968878	0.00419527	0.00058588	0.00000000	0.00496327	0.00113306	0.00046263	0.00000000	0.00367556	0.00007991	0.00070354	0.00000000	0.00471670	0.00000315	0.00376380	0.00080780	0.00000025	0.00000000	0.00000000	0.00000000	0.03018315	0.00284440	0.00056311	0.00191290	0.00000000	0.02765033	0.00331780
A[C>A]T	0.00295858	0.00025856	0.01286433	0.01585964	0.00703802	0.00089565	0.00025182	0.02656557	0.00619922	0.00570752	0.00013039	0.00400109	0.00071356	0.01675540	0.00291919	0.00759004	0.00255479	0.01285414	0.00480961	0.00190174	0.00046453	0.00079266	0.00000000	0.01458611	0.00392366	0.00047699	0.00267259	0.00050139	0.01670677	0.00000000
A[C>G]A	0.00084242	0.00020729	0.01870946	0.00623925	0.00879264	0.00060395	0.00000000	0.00651200	0.00431264	0.00030571	0.00044976	0.00265739	0.00313567	0.00005579	0.00055520	0.00408015	0.00131584	0.00098930	0.00371518	0.00043431	0.00038151	0.00044685	0.00000000	0.00700817	0.00625408	0.00100084	0.00128310	0.00024561	0.00571386	0.00000000
A[C>G]C	0.00177053	0.00031139	0.01390209	0.00509433	0.00805741	0.00081766	0.00000000	0.00492173	0.00303084	0.00026902	0.00028271	0.00188590	0.00112177	0.00000000	0.00007403	0.00299212	0.00188947	0.00239022	0.00178500	0.00188191	0.00089529	0.00000000	0.00000000	0.00722078	0.00186817	0.00176233	0.00251703	0.00037958	0.00313436	0.00000000
A[C>G]G	0.00069904	0.00043503	0.01037147	0.00502925	0.00437767	0.00000000	0.00000000	0.00114862	0.00000000	0.00000000	0.00000000	0.00000000	0.00004167	0.00000000	0.00076382	0.00000000	0.00005153	0.00430078	0.00000000	0.00002001	0.00000000	0.00000000	0.00000000	0.00000000	0.00000000	0.00060932	0.00000000	0.00000000	0.00023926	0.00812881
A[C>G]T	0.00140670	0.00048773	0.01841062	0.00352436	0.00894094	0.00084851	0.00006296	0.00682742	0.00346427	0.00012408	0.00058675	0.00217451	0.00325371	0.00005661	0.00051214	0.00629628	0.00106743	0.00263581	0.00467962	0.00053650	0.00139360	0.00025732	0.00000000	0.00230138	0.00270853	0.00199314	0.00130050	0.00030049	0.00247864	0.00000000
A[C>T]A	0.01380491	0.00585452	0.01393093	0.00771866	0.01645308	0.01449490	0.00000000	0.01407832	0.00835574	0.00000000	0.01445664	0.01037241	0.00122945	0.01634573	0.00590536	0.01147543	0.00740427	0.00249504	0.01415612	0.02047326	0.00389144	0.00263663	0.01198524	0.00369049	0.01634077	0.00464471	0.01329767	0.00522980	0.00319247	0.04354186
A[C>T]C	0.00982555	0.00314584	0.01017026	0.00707546	0.01409488	0.01110659	0.01792696	0.00645736	0.00737943	0.00286956	0.10356557	0.00678924	0.00004935	0.02626482	0.01251065	0.00947505	0.00490608	0.00235811	0.01907132	0.02028400	0.00693848	0.00189400	0.07281425	0.00329479	0.01500652	0.01225451	0.00770893	0.00256266	0.00808711	0.05334663
A[C>T]G	0.20249503	0.00659202	0.00702394	0.00454254	0.03184709	0.10639641	0.00015649	0.03786381	0.02832647	0.01943052	0.01166804	0.00410798	0.00066325	0.06979092	0.03933686	0.00750384	0.01843288	0.01392291	0.05945392	0.05433134	0.04926748	0.00774429	0.01414375	0.00458468	0.03860745	0.03952480	0.01639039	0.01318638	0.04901830	0.03450595
A[C>T]T	0.00599119	0.00265549	0.01170363	0.00385069	0.01259622	0.00702382	0.00270709	0.01645078	0.00692854	0.00291580	0.04165932	0.00582768	0.00000000	0.01567988	0.00338011	0.00871130	0.00460872	0.00370967	0.01728861	0.01189819	0.00232267	0.00000000	0.02043118	0.00202806	0.00452562	0.00904284	0.00440044	0.00159106	0.00297282	0.01488268
A[T>A]A	0.00115112	0.00000006	0.00402059	0.00188945	0.00410465	0.00017059	0.00037970	0.00637349	0.00665305	0.00000000	0.00007864	0.00304268	0.00063214	0.00000000	0.00064865	0.00421360	0.00029706	0.00121223	0.00043120	0.00021903	0.00387571	0.02571579	0.00000000	0.00041724	0.00973470	0.00214575	0.08484355	0.00056781	0.00000000	0.00309938
A[T>A]C	0.00123747	0.00009926	0.00641257	0.00279901	0.00621978	0.00171062	0.00055383	0.01080849	0.00421047	0.00013644	0.00007169	0.00621709	0.00098238	0.00049797	0.00506854	0.00692369	0.00165981	0.00059029	0.00378798	0.00137061	0.02486007	0.01102416	0.00000000	0.00000989	0.00772531	0.01124912	0.00158294	0.00361437	0.00209015	0.00278881
A[T>A]G	0.00135943	0.00043352	0.00592969	0.00665076	0.00896444	0.00000000	0.00057738	0.01130959	0.00631715	0.00000000	0.00046504	0.00407721	0.00008808	0.00000000	0.00046969	0.00703130	0.00089028	0.00303675	0.00298040	0.00012279	0.00213017	0.05946968	0.00014884	0.00382612	0.00502505	0.00095310	0.00122862	0.00177711	0.00248336	0.00455654
A[T>A]T	0.00271367	0.00008140	0.00473491	0.00133902	0.00585176	0.00170861	0.00150689	0.01303687	0.01153397	0.00050912	0.00013376	0.00356904	0.00056012	0.00034841	0.00276690	0.00495473	0.00112396	0.00123846	0.00146680	0.00320863	0.00227674	0.00857970	0.00000000	0.00000201	0.00802356	0.00217869	0.00170465	0.00377549	0.00217621	0.00433581
A[T>C]A	0.00398326	0.00062759	0.00621829	0.00330654	0.01630569	0.00213233	0.00018985	0.00772850	0.01385594	0.00115992	0.00023592	0.02444634	0.00027929	0.00088765	0.00355216	0.03729820	0.00130711	0.00117066	0.00568399	0.00625161	0.01237426	0.00872751	0.00039645	0.00169007	0.00984560	0.02647873	0.00299302	0.00241063	0.00380394	0.00000000
A[T>C]C	0.00327483	0.00037358	0.00798955	0.00143539	0.01157601	0.00290287	0.00006923	0.00677122	0.01052618	0.00354745	0.00107536	0.03032028	0.00013485	0.00286335	0.00411115	0.01621851	0.00713739	0.00110123	0.00343062	0.01338431	0.01404764	0.00104722	0.00014990	0.00040943	0.00825517	0.02420910	0.00199552	0.00846307	0.00435198	0.00653161
A[T>C]G	0.00490281	0.00046813	0.00944337	0.00538712	0.02216098	0.01042392	0.00044907	0.00793840	0.01635028	0.00164368	0.00053148	0.04316522	0.00023977	0.00201890	0.00380973	0.03058617	0.00362947	0.00224537	0.00894121	0.03529530	0.01767252	0.00430257	0.00031271	0.00164571	0.01602964	0.04210563	0.00569967	0.00549411	0.00931082	0.00625675
A[T>C]T	0.00300429	0.00081243	0.00918369	0.00160682	0.01427335	0.00074147	0.00047359	0.01180377	0.01539941	0.00169707	0.00013376	0.01487099	0.00015416	0.00096779	0.00220651	0.02931548	0.00172558	0.00248518	0.00711177	0.00317411	0.01000707	0.00154584	0.00013179	0.00288805	0.00782771	0.02131810	0.00174335	0.00215886	0.00336411	0.00000000
A[T>G]A	0.00045445	0.00001623	0.00112165	0.00000000	0.00159621	0.00000000	0.00000000	0.00201228	0.01841960	0.00000000	0.00000000	0.00062952	0.00019631	0.00000000	0.00000000	0.00270503	0.00002575	0.00015412	0.00054880	0.00000067	0.00000000	0.00085617	0.00000000	0.00000000	0.00251660	0.00003881	0.00067384	0.00374880	0.00000000	0.00217357
A[T>G]C	0.00093110	0.00002181	0.00127348	0.00014354	0.00188849	0.00088123	0.00000000	0.00069007	0.00511272	0.00272881	0.00000000	0.00095648	0.00010415	0.00124493	0.00033790	0.00398349	0.00571534	0.00091326	0.00000000	0.00026515	0.00263925	0.00000000	0.00000000	0.00095451	0.00000000	0.00014315	0.00103682	0.01783837	0.00000000	0.00183473
A[T>G]G	0.00067022	0.00022245	0.00729698	0.00099761	0.00427672	0.00033626	0.00057738	0.00553190	0.00483076	0.00094828	0.00006643	0.00159543	0.00003092	0.00040378	0.00062626	0.00536137	0.00285057	0.00159769	0.00066231	0.00042441	0.00126232	0.00095171	0.00000000	0.00051213	0.00574514	0.00102037	0.00006779	0.00656093	0.00185788	0.00435251
A[T>G]T	0.00102515	0.00011885	0.00380298	0.00008927	0.00199765	0.00093490	0.00000000	0.00158969	0.01203274	0.00581245	0.00000000	0.00178452	0.00011095	0.00216785	0.00101570	0.00448285	0.01699348	0.00015324	0.00075563	0.00023007	0.00095305	0.00000000	0.00000000	0.00043609	0.00000000	0.00100958	0.00017215	0.05769864	0.00000000	0.00442717
C[C>A]A	0.00441136	0.00076209	0.02093345	0.04239983	0.01042221	0.00670941	0.00106461	0.03534756	0.01259014	0.00271018	0.00064311	0.01654743	0.00203103	0.00446712	0.00765013	0.01932568	0.00116899	0.08278192	0.01025823	0.01548193	0.00218209	0.00550936	0.00014282	0.05310762	0.01651351	0.00416644	0.00701787	0.00160812	0.04515511	0.00000000
C[C>A]C	0.00618218	0.00030262	0.02211460	0.07109458	0.00671622	0.02015511	0.00067014	0.03577768	0.00921901	0.00099057	0.00196626	0.01728303	0.00173333	0.01024340	0.00763216	0.01530181	0.00060137	0.02423385	0.01833398	0.04094254	0.00192298	0.00573889	0.00080427	0.03550968	0.01096338	0.00563436	0.00389707	0.00057918	0.02855708	0.00000000
C[C>A]G	0.00164902	0.00002103	0.00604314	0.02235099	0.00833143	0.01669381	0.00000000	0.00356815	0.00000000	0.00168999	0.00253710	0.00947776	0.00080082	0.00198259	0.00298955	0.00738433	0.00093011	0.04423971	0.00455279	0.03071165	0.00813499	0.00301017	0.00039253	0.05175334	0.00392596	0.00252027	0.00101897	0.00020390	0.03516107	0.00597341
C[C>A]T	0.00489330	0.00047682	0.01670617	0.04045073	0.01207860	0.03861701	0.00117418	0.03265981	0.01190214	0.01424083	0.00130947	0.00886002	0.00151961	0.10208312	0.01675242	0.01039433	0.00003629	0.03577123	0.00895170	0.09378920	0.00622028	0.00547351	0.00063791	0.01708685	0.01423991	0.02179154	0.00437362	0.00026154	0.03608570	0.00000000
C[C>G]A	0.00085940	0.00003124	0.01876099	0.00965723	0.00811973	0.00000000	0.00008872	0.00737517	0.00231247	0.00000000	0.00000000	0.00232890	0.00633464	0.00000000	0.00064954	0.00486181	0.00217960	0.00042755	0.00018318	0.00001186	0.00010910	0.00070478	0.00017257	0.01126070	0.00801663	0.00143808	0.00655452	0.00014225	0.00230022	0.00000000
C[C>G]C	0.00059119	0.00039604	0.01898691	0.01123155	0.01035205	0.00000000	0.00044676	0.00852549	0.00323474	0.00000000	0.00023132	0.00293194	0.00136408	0.00000000	0.00027258	0.00765090	0.00101118	0.00429022	0.00322863	0.00061482	0.00000000	0.00125816	0.00030973	0.01694190	0.00644511	0.00171969	0.00220071	0.00025003	0.00122907	0.00000000
C[C>G]G	0.00093508	0.00005953	0.01285477	0.01600128	0.00777553	0.00000000	0.00146998	0.00201861	0.00000000	0.00000000	0.00202968	0.00000000	0.00093628	0.00000000	0.00079721	0.00939824	0.00001100	0.01392154	0.00050587	0.00000000	0.00000000	0.00127780	0.00000000	0.00184011	0.00253243	0.00064527	0.00138072	0.00000000	0.00368693	0.00857067
C[C>G]T	0.00094068	0.00035822	0.02728567	0.00880178	0.01032784	0.00013526	0.00027096	0.00885378	0.00510092	0.00000000	0.00018707	0.00237099	0.00771806	0.00000000	0.00124908	0.00989936	0.00109945	0.00524042	0.00074597	0.00010951	0.00033323	0.00217055	0.00017280	0.00883725	0.00022256	0.00262919	0.00037807	0.00040771	0.00012497	0.00000000
C[C>T]A	0.01397567	0.01689607	0.01604423	0.01931445	0.02452794	0.00564653	0.06689312	0.00542163	0.01259014	0.00104910	0.02848060	0.02292126	0.00433178	0.00478620	0.00368072	0.02552449	0.02407798	0.00910883	0.04011703	0.00992967	0.00370955	0.00936212	0.05251480	0.00504298	0.01595802	0.00741405	0.02416176	0.00604367	0.00801605	0.06639824
C[C>T]C	0.01557819	0.00498078	0.01198978	0.01667365	0.02374604	0.00827948	0.11247204	0.00558315	0.01115985	0.00264151	0.17557563	0.01450540	0.00150153	0.01677106	0.00799559	0.01499577	0.00548408	0.00663900	0.08682695	0.02036081	0.01249939	0.01084040	0.20342268	0.00000000	0.00832066	0.00921521	0.01246290	0.00458725	0.00781510	0.07684254
C[C>T]G	0.17652474	0.01546846	0.01082953	0.01930313	0.03826314	0.16528703	0.05095941	0.02565789	0.02696304	0.02631560	0.03425091	0.01557061	0.00042376	0.06454427	0.03089198	0.00537042	0.04119918	0.04167681	0.06019806	0.10920292	0.09581211	0.01839894	0.03626958	0.00674790	0.03553839	0.03696199	0.02871033	0.00868238	0.04820804	0.04571040
C[C>T]T	0.01165235	0.01025771	0.01824108	0.01882083	0.02240529	0.00588385	0.07117309	0.02137563	0.01268690	0.00382722	0.07632329	0.02558175	0.00073972	0.01510538	0.00705365	0.02610956	0.01112163	0.00489266	0.10807308	0.01255993	0.00444306	0.00514057	0.13770579	0.00337815	0.01545147	0.00714070	0.01008290	0.00339621	0.00146118	0.03332046
C[T>A]A	0.00042330	0.00009308	0.00451637	0.00369179	0.00290756	0.00003555	0.00000000	0.00717041	0.00378163	0.00000000	0.00019668	0.00111521	0.00018126	0.00000000	0.00061801	0.00351272	0.00001823	0.00020580	0.00210783	0.00002148	0.00000000	0.05631754	0.00027586	0.00123721	0.01566821	0.00214296	0.24515253	0.00189039	0.00082990	0.00271804
C[T>A]C	0.00125745	0.00051568	0.01401175	0.01008555	0.00660750	0.00170628	0.00122702	0.01968259	0.00621890	0.00008637	0.00099837	0.01041379	0.00026081	0.00267936	0.00306581	0.01536954	0.01143599	0.00229529	0.00479561	0.00386307	0.00398802	0.06424832	0.00000000	0.00222415	0.01737717	0.00433346	0.00385119	0.02666217	0.00033264	0.00641080
C[T>A]G	0.00108430	0.00028242	0.01397610	0.03427274	0.01233317	0.00057905	0.00067666	0.01985784	0.00713894	0.00028577	0.00060062	0.00414017	0.00037133	0.00017383	0.00212318	0.01721633	0.00551099	0.00561199	0.00209572	0.00109485	0.00297195	0.28132482	0.00016354	0.00629200	0.07625178	0.00292813	0.00663776	0.01324591	0.00340394	0.00860773
C[T>A]T	0.00118240	0.00052463	0.01487898	0.00858025	0.00855061	0.00059278	0.00129545	0.02372503	0.00719105	0.00063829	0.00029812	0.00536945	0.00000077	0.00129422	0.00040983	0.00946560	0.02869910	0.00250687	0.00163462	0.00172414	0.00088508	0.06073507	0.00032198	0.00197599	0.03307479	0.00149204	0.00610422	0.01221644	0.00159088	0.00000000
C[T>C]A	0.00149501	0.00032910	0.00470945	0.00255964	0.00820906	0.00220428	0.00047481	0.00308532	0.01058857	0.00023395	0.00004917	0.02046745	0.00002717	0.00025615	0.00123602	0.00949736	0.00450066	0.00009591	0.00323527	0.00708931	0.01278789	0.00261006	0.00000000	0.00082680	0.00537919	0.02279855	0.00363284	0.01527439	0.00000000	0.00000000
C[T>C]C	0.00347046	0.00043601	0.01588986	0.00236238	0.01329142	0.00262504	0.00070115	0.01203877	0.01497613	0.00164098	0.00036305	0.04661986	0.00005081	0.00417665	0.00356489	0.02329446	0.04435918	0.00281008	0.00633382	0.01615633	0.01077843	0.00161790	0.00000000	0.00367630	0.01184695	0.02414709	0.00783550	0.05884686	0.00240783	0.00000000
C[T>C]G	0.00511067	0.00044374	0.01022893	0.01002127	0.02199784	0.01954278	0.00096665	0.00686879	0.02155681	0.00142885	0.00010010	0.05542485	0.00007023	0.00139065	0.01006544	0.02516233	0.03529581	0.00263828	0.00399185	0.07198162	0.02508328	0.00362793	0.00030295	0.00000000	0.01619475	0.05786923	0.00854691	0.05561356	0.00660569	0.00000000
C[T>C]T	0.00364258	0.00051186	0.01078880	0.00402899	0.01665099	0.00177835	0.00323863	0.01005157	0.02865999	0.00141842	0.00067076	0.03221669	0.00000074	0.00174720	0.00204913	0.02593179	0.09356948	0.00099106	0.00393794	0.00795103	0.01805558	0.00232160	0.00000000	0.00108275	0.00809299	0.01891638	0.00438419	0.00564090	0.00216707	0.00000000
C[T>G]A	0.00010835	0.00006851	0.00117762	0.00000000	0.00117708	0.00003555	0.00000000	0.00144554	0.01485150	0.00102937	0.00000000	0.00085281	0.00000959	0.00000000	0.00000000	0.00013010	0.00005543	0.00003045	0.00000000	0.00001109	0.00000000	0.00072608	0.00000000	0.00000000	0.00000000	0.00005740	0.00000000	0.00706331	0.00052501	0.00236574
C[T>G]C	0.00138651	0.00002455	0.00641301	0.00118119	0.00370185	0.00262504	0.00070115	0.00230740	0.00812265	0.00155461	0.00009076	0.00593344	0.00017321	0.00157610	0.00135466	0.00984611	0.02216370	0.00185702	0.00099532	0.00746066	0.00053892	0.00127354	0.00016286	0.00180397	0.00317461	0.00435328	0.00052184	0.04610702	0.00000000	0.00566755
C[T>G]G	0.00116562	0.00027976	0.01270837	0.00460978	0.00838927	0.00361903	0.00086999	0.00801760	0.01763739	0.00352450	0.00110113	0.00600992	0.00005951	0.00043458	0.00055045	0.00887303	0.01659308	0.00539751	0.00129735	0.01493379	0.00047551	0.00552642	0.00000000	0.00010370	0.01427674	0.00673427	0.00060878	0.02776532	0.00207642	0.00768547
C[T>G]T	0.00149664	0.00006124	0.00788822	0.00089533	0.01003810	0.00463447	0.00093560	0.00439896	0.05304703	0.01290762	0.00067076	0.00626436	0.00044677	0.00407679	0.00263460	0.01833959	0.24015355	0.00177148	0.00141172	0.00157949	0.00283225	0.00160062	0.00014828	0.00171741	0.00772250	0.00619162	0.00161752	0.13281605	0.00081488	0.00709532
G[C>A]A	0.00555972	0.00039986	0.01091283	0.03491935	0.01293568	0.00160987	0.00026875	0.02664492	0.01530740	0.00123589	0.00037108	0.00767368	0.00015843	0.00144986	0.00174900	0.01178214	0.00747202	0.12121428	0.00295951	0.00100410	0.00011017	0.00158757	0.00030632	0.04613105	0.01513711	0.00156133	0.01504806	0.00296913	0.06921922	0.00854688
G[C>A]C	0.00514779	0.00020123	0.01615532	0.04905499	0.01331685	0.00515037	0.00011859	0.02356571	0.01579935	0.00257102	0.00122810	0.00917555	0.00119745	0.01215601	0.00955093	0.01527259	0.00195824	0.02006132	0.00379545	0.00389612	0.00554208	0.00292923	0.00065866	0.12280172	0.00962607	0.00294811	0.02304459	0.00078959	0.08625037	0.01194328
G[C>A]G	0.00112889	0.00054974	0.00283610	0.05717729	0.00828760	0.00382047	0.00000000	0.00259654	0.00000000	0.00047885	0.00000000	0.00503527	0.00031492	0.00240307	0.00256946	0.01198325	0.00398049	0.02367877	0.00000000	0.00915377	0.00089639	0.00110711	0.00035477	0.10646273	0.00200651	0.00004073	0.00618362	0.00000000	0.04181424	0.00231807
G[C>A]T	0.00323438	0.00014986	0.01476585	0.02573527	0.01203510	0.00626799	0.00009622	0.02545099	0.01184320	0.00834381	0.00059784	0.00358927	0.00070987	0.06367412	0.02418619	0.00830470	0.00381141	0.07283832	0.00715209	0.01250068	0.00272155	0.00068180	0.00000000	0.04569847	0.01264539	0.00235941	0.01113838	0.00196795	0.05677638	0.00846598
G[C>G]A	0.00040663	0.00005093	0.01341164	0.00650094	0.00604725	0.00000000	0.00000000	0.00419050	0.00142696	0.00000000	0.00000000	0.00148523	0.00161830	0.00016110	0.00160325	0.00380465	0.00148211	0.00086998	0.00184969	0.00120529	0.00044067	0.00000000	0.00000000	0.00417220	0.00468735	0.00149922	0.00198409	0.00011338	0.00023570	0.00712240
G[C>G]C	0.00213971	0.00002183	0.01463611	0.01118798	0.00775983	0.00266398	0.00047437	0.00453771	0.00498023	0.00023373	0.00024562	0.00180234	0.00125232	0.00010663	0.00048237	0.00519918	0.00039468	0.00080860	0.00000000	0.00215700	0.00612546	0.00000000	0.00015935	0.01046547	0.00356095	0.00277357	0.00249427	0.00019356	0.00110954	0.00842314
G[C>G]G	0.00000046	0.00012528	0.00510071	0.01561670	0.00324693	0.00000000	0.00000000	0.00098017	0.00000000	0.00000000	0.00000000	0.00000000	0.00026603	0.00000000	0.00118590	0.00000000	0.00001357	0.00138639	0.00000000	0.00000156	0.00000000	0.00071200	0.00000000	0.01287333	0.00127504	0.00063139	0.00000000	0.00000000	0.00000000	0.00412110
G[C>G]T	0.00064562	0.00032750	0.02165469	0.00598495	0.00705807	0.00122478	0.00000000	0.00697947	0.00613060	0.00037926	0.00000000	0.00119642	0.00345221	0.00025954	0.00140890	0.00382280	0.00223543	0.00139242	0.00000000	0.00119648	0.00047331	0.00070713	0.00000000	0.00276914	0.00240761	0.00149434	0.00685324	0.00023833	0.00456930	0.00000000
G[C>T]A	0.01684528	0.00725941	0.01815020	0.00807974	0.02179658	0.04380175	0.00000000	0.00254414	0.00804287	0.00000000	0.02421270	0.01534736	0.00351879	0.04486519	0.03468848	0.01534133	0.00236524	0.00254537	0.03458927	0.05109341	0.01795747	0.00234200	0.04664461	0.01997825	0.01128442	0.01090582	0.01988802	0.00470285	0.01032240	0.04691312
G[C>T]C	0.02428293	0.00300122	0.01222991	0.00983559	0.02595200	0.06864197	0.02490443	0.00240790	0.01184952	0.01565986	0.11974001	0.01507412	0.00399312	0.06589839	0.12975753	0.01494764	0.00049264	0.00523484	0.07517443	0.06482344	0.05717098	0.00522699	0.18880889	0.01778060	0.01034870	0.02931734	0.03730827	0.00310423	0.00444015	0.06323642
G[C>T]G	0.18970204	0.00093355	0.00370231	0.00579329	0.03892406	0.24360053	0.00048593	0.03541756	0.03096147	0.06464489	0.02264459	0.00772075	0.01042547	0.21365477	0.36150256	0.00299581	0.02329102	0.03038531	0.06973230	0.01120596	0.00567715	0.01094577	0.03097659	0.02894256	0.03191723	0.06928622	0.03554864	0.00825137	0.04734934	0.04121025
G[C>T]T	0.01283129	0.00398445	0.01282727	0.00817943	0.02278550	0.03775203	0.01549109	0.00759488	0.01407251	0.01441204	0.05201204	0.01528765	0.00217393	0.04801513	0.06261798	0.01529120	0.00113675	0.00193520	0.09108983	0.04790796	0.01964248	0.00146310	0.10116370	0.01642920	0.01186146	0.02110362	0.01140476	0.00155822	0.00548816	0.01958390
G[T>A]A	0.00031545	0.00008852	0.00338228	0.00434254	0.00496855	0.00000000	0.00000000	0.00620565	0.00263729	0.00000000	0.00018860	0.00125811	0.00011212	0.00000000	0.00000000	0.00249512	0.00000662	0.00119677	0.00162952	0.00009945	0.00000000	0.04450399	0.00000000	0.00127223	0.02759089	0.00172551	0.10414997	0.00051932	0.00176105	0.00244553
G[T>A]C	0.00039456	0.00035304	0.00668403	0.00510760	0.00462660	0.00198642	0.00000000	0.00941252	0.00397880	0.00009337	0.00029435	0.00510519	0.00032073	0.00212975	0.00292885	0.00519216	0.00311185	0.00150416	0.00000000	0.00361483	0.01654553	0.01227178	0.00016962	0.00433063	0.00695189	0.00625229	0.00003471	0.00465018	0.00000000	0.00341494
G[T>A]G	0.00074461	0.00009258	0.00834353	0.01134693	0.00680928	0.00036972	0.00049377	0.00936128	0.00333677	0.00000000	0.00034089	0.00216030	0.00016913	0.00000000	0.00174060	0.00575005	0.00371683	0.00130222	0.00135937	0.00068457	0.00313738	0.05649338	0.00000000	0.00015173	0.03949177	0.00141638	0.00201260	0.00274828	0.00043477	0.00444921
G[T>A]T	0.00096579	0.00016633	0.00662932	0.00283638	0.00376582	0.00095603	0.00060799	0.01360133	0.00316953	0.00023965	0.00006296	0.00260403	0.00009991	0.00049201	0.00212677	0.00274878	0.00300995	0.00230779	0.00326397	0.00116054	0.00306559	0.00879777	0.00000000	0.00000000	0.01538728	0.00193632	0.00000000	0.00189356	0.00000000	0.00418944
G[T>C]A	0.00514756	0.00000360	0.00522434	0.00383906	0.01201154	0.00554568	0.00012141	0.00436176	0.00799977	0.00382867	0.00062867	0.04805995	0.00085665	0.00425761	0.00963007	0.01339046	0.00000883	0.00033765	0.00244428	0.00150542	0.10646178	0.00349463	0.00014901	0.00072599	0.01332383	0.07543437	0.00452941	0.00344199	0.00426172	0.00000000
G[T>C]C	0.00499955	0.00022354	0.00745215	0.00157157	0.01101494	0.00418567	0.00009475	0.00616514	0.01330841	0.00942990	0.00156985	0.03586720	0.00067211	0.01081915	0.03846039	0.01285059	0.01167817	0.00226985	0.00293444	0.00148966	0.07748436	0.00000000	0.00049833	0.00598787	0.00481001	0.04829900	0.00290752	0.01039265	0.00667050	0.00672941
G[T>C]G	0.00308804	0.00000052	0.00630537	0.00358324	0.01409343	0.00708638	0.00024689	0.00520990	0.01120200	0.00437918	0.00161921	0.04661698	0.00069417	0.00606759	0.01030973	0.01668641	0.00488824	0.00507877	0.00509764	0.02259631	0.08946600	0.00165669	0.00000000	0.00021523	0.01384053	0.04653472	0.00157977	0.01050911	0.00459765	0.00697922
G[T>C]T	0.00488931	0.00044606	0.00573582	0.00151273	0.01156601	0.00191206	0.00492474	0.00648156	0.01109336	0.00742926	0.00144812	0.03402045	0.00055037	0.00470138	0.00464921	0.01182808	0.00632347	0.00304949	0.00621410	0.00091480	0.07499484	0.00129545	0.00059163	0.00242703	0.01080324	0.04278367	0.00355810	0.00038469	0.00676429	0.00554293
G[T>G]A	0.00004533	0.00007355	0.00316088	0.00000000	0.00119980	0.00000000	0.00000000	0.00074306	0.00632949	0.00000000	0.00000000	0.00000000	0.00001503	0.00000000	0.00000000	0.00000000	0.00003037	0.00085607	0.00000000	0.00000218	0.00000000	0.00000000	0.00000000	0.00000000	0.00422514	0.00002877	0.00000000	0.00000000	0.00000000	0.00212371
G[T>G]C	0.00014454	0.00005647	0.00535870	0.00000000	0.00037704	0.00113510	0.00000000	0.00062451	0.00082320	0.00186731	0.00000000	0.00052361	0.00011843	0.00161861	0.00169565	0.00415372	0.01097773	0.00000092	0.00000000	0.00269322	0.00069911	0.00000000	0.00000000	0.00095804	0.00000000	0.00295452	0.00007515	0.00000000	0.00000000	0.00190836
G[T>G]G	0.00073724	0.00011471	0.01694674	0.00153567	0.00594445	0.00061621	0.00139902	0.00629210	0.00595851	0.00072986	0.00085222	0.00125070	0.00001166	0.00088794	0.00247701	0.00090197	0.00502335	0.00838667	0.00365331	0.00225884	0.00040482	0.00210903	0.00015049	0.00226685	0.00896927	0.00085226	0.00609577	0.00538437	0.00296615	0.00296617
G[T>G]T	0.00036700	0.00006667	0.00539813	0.00012606	0.00244172	0.00159338	0.00054719	0.00414436	0.01628787	0.00179740	0.00000000	0.00268804	0.00004374	0.00207736	0.00939734	0.00366504	0.04927162	0.00184734	0.00156922	0.00217275	0.00059816	0.00000000	0.00000000	0.00047247	0.00211230	0.00603566	0.00218247	0.02984920	0.00372054	0.00367378
T[C>A]A	0.00633469	0.01315776	0.01004241	0.02346734	0.01230548	0.00087317	0.00068596	0.02328874	0.02205180	0.02528100	0.00063932	0.00625500	0.04423080	0.00030839	0.00318071	0.01146527	0.00159733	0.04836848	0.00361170	0.00047415	0.00008436	0.00379346	0.00138846	0.02031902	0.00597231	0.00232975	0.00758396	0.00082562	0.01826443	0.00000000
T[C>A]C	0.00787541	0.00775231	0.01952597	0.05219964	0.01368632	0.00203228	0.00187181	0.02126327	0.00582767	0.00949938	0.00242298	0.01280130	0.02171234	0.01396913	0.00472038	0.01859207	0.00153670	0.04119014	0.00608720	0.00381422	0.00057549	0.00349990	0.00063693	0.05512466	0.01203411	0.00240961	0.00916276	0.00120397	0.02928724	0.00000000
T[C>A]G	0.00307548	0.00376571	0.00305703	0.01933009	0.00849529	0.00147670	0.00035857	0.00381636	0.00000000	0.00547690	0.00018566	0.00470639	0.00550387	0.00000000	0.00364620	0.00982505	0.00497205	0.02857480	0.00333169	0.00180245	0.00000000	0.00125574	0.00017414	0.02161788	0.00000000	0.00060225	0.00404992	0.00000000	0.02218815	0.00323093
T[C>A]T	0.00794858	0.01085984	0.01417427	0.02650484	0.01530661	0.00300090	0.00089828	0.03310023	0.03221963	0.20992766	0.00028623	0.00467792	0.01723761	0.03205894	0.00815063	0.01486270	0.00442027	0.08561917	0.00620632	0.00848599	0.00033991	0.00340066	0.00014007	0.01971730	0.02135317	0.00264204	0.01058240	0.00214169	0.02818971	0.00000000
T[C>G]A	0.00096951	0.03239277	0.01382402	0.00227562	0.00223309	0.00000000	0.00013719	0.00354760	0.00327797	0.00000000	0.00007104	0.00227455	0.25733929	0.00000000	0.00050222	0.00469888	0.00034378	0.00130003	0.00035409	0.00001674	0.00016872	0.00021112	0.00015459	0.00660316	0.00843467	0.00365266	0.00307506	0.00055478	0.00055718	0.00000000
T[C>G]C	0.00145865	0.00002304	0.02369195	0.01018766	0.00900497	0.00014016	0.00093591	0.00446622	0.00338818	0.00000000	0.00106611	0.00349126	0.08004239	0.00000000	0.00197951	0.00820616	0.00078309	0.00773552	0.00106284	0.00014286	0.00034529	0.00080312	0.00015163	0.00667998	0.00383634	0.00333012	0.00454275	0.00096882	0.00041151	0.00000000
T[C>G]G	0.00041209	0.00369526	0.00569383	0.00576185	0.00287157	0.00000000	0.00053786	0.00005776	0.00000000	0.00000000	0.00055699	0.00000000	0.02286959	0.00000000	0.00000000	0.00000000	0.00003121	0.00285180	0.00000000	0.00000000	0.00000000	0.00096859	0.00000000	0.00268939	0.00462888	0.00000001	0.00003587	0.00000000	0.00025435	0.00380110
T[C>G]T	0.00164168	0.05859843	0.02836372	0.00358173	0.00557496	0.00005174	0.00048369	0.00542182	0.00490299	0.00006809	0.00057245	0.00143202	0.30546958	0.00006213	0.00084317	0.01599870	0.00251546	0.00259092	0.00749039	0.00047399	0.00025493	0.00024274	0.00029641	0.00397027	0.01422133	0.00702229	0.00229921	0.00133532	0.00093712	0.00000000
T[C>T]A	0.00749408	0.36526286	0.00765271	0.00248896	0.00916002	0.00380086	0.08245202	0.00618624	0.00496662	0.00250106	0.02145266	0.01307864	0.10454101	0.00567432	0.00624982	0.01616415	0.01409562	0.01076051	0.01543824	0.00737797	0.00539895	0.00188822	0.00975915	0.01716671	0.00953545	0.00982582	0.02009500	0.00811064	0.00820140	0.06282786
T[C>T]C	0.01247451	0.09727928	0.01590785	0.00679177	0.02346115	0.00469526	0.27019604	0.00477346	0.01138428	0.01945989	0.15400451	0.01228408	0.01882474	0.02381484	0.01187708	0.01679697	0.02004306	0.00980121	0.03188531	0.00768395	0.00989835	0.00254317	0.03979430	0.01062654	0.00757377	0.01281816	0.01167735	0.00742831	0.00000000	0.09107862
T[C>T]G	0.10272209	0.10848496	0.00384124	0.00204453	0.01640228	0.05249007	0.17785214	0.01246348	0.01220224	0.37825948	0.01485302	0.00247705	0.01464582	0.01515320	0.01516819	0.00884255	0.03723327	0.02176642	0.01665844	0.04170582	0.02778115	0.00366695	0.00482272	0.00905633	0.03168525	0.02354810	0.01290554	0.00533429	0.02809837	0.02926906
T[C>T]T	0.00716857	0.20035903	0.00894518	0.00551587	0.00988994	0.00243176	0.05831937	0.01059541	0.00960585	0.02669207	0.06826469	0.00859211	0.02603105	0.01422771	0.00427206	0.01827070	0.01748545	0.00392078	0.01904698	0.00662004	0.00543854	0.00111501	0.01642805	0.00360047	0.01076823	0.00634782	0.01282126	0.00663830	0.00920941	0.03391511
T[T>A]A	0.00169595	0.00004113	0.00359974	0.00187408	0.00449035	0.00006016	0.00040172	0.00763859	0.01250707	0.00000000	0.00012480	0.00316362	0.00021687	0.00000000	0.00026144	0.00467810	0.00035828	0.00196917	0.00161745	0.00037298	0.00133389	0.02237708	0.00000000	0.00000000	0.01100487	0.00031978	0.03313452	0.00012665	0.00047376	0.00332167
T[T>A]C	0.00107835	0.00000436	0.00818298	0.00341234	0.00593888	0.00042863	0.00107333	0.01086826	0.00279769	0.00056410	0.00000000	0.01304975	0.00073933	0.00102941	0.00110598	0.00852881	0.00235556	0.00193918	0.00354591	0.00050891	0.00395992	0.02497397	0.00000000	0.00538741	0.00305807	0.00460085	0.00005263	0.01130069	0.00119203	0.00500639
T[T>A]G	0.00049643	0.00005102	0.00498311	0.00513547	0.00524047	0.00000000	0.00060411	0.00634478	0.01224717	0.00000000	0.00000000	0.00308817	0.00019829	0.00000000	0.00029486	0.00521413	0.00001629	0.00128065	0.00324311	0.00005885	0.00000000	0.05759154	0.00013668	0.00637356	0.00772599	0.00001542	0.00000000	0.00304599	0.00145858	0.00236951
T[T>A]T	0.00132387	0.00015456	0.00815326	0.00205791	0.00548529	0.00023121	0.00220562	0.01532047	0.00887911	0.00121715	0.00036545	0.00572895	0.00009469	0.00047596	0.00010766	0.00483479	0.00218616	0.00130700	0.00387101	0.00102486	0.00043399	0.01419697	0.00000000	0.00011241	0.00804182	0.00069069	0.00132946	0.01128573	0.00000000	0.00000000
T[T>C]A	0.00244501	0.00005192	0.00460043	0.00116609	0.00832139	0.00177471	0.00092395	0.00247274	0.00907490	0.00118760	0.00008320	0.02775106	0.00042165	0.00065017	0.00222221	0.01353897	0.00087599	0.00012765	0.00215661	0.00231332	0.01921785	0.00263393	0.00000000	0.00063649	0.00731717	0.01465639	0.00107974	0.00618767	0.00457317	0.00000000
T[T>C]C	0.00262020	0.00042675	0.00984694	0.00118690	0.01233393	0.00187526	0.00128799	0.00546490	0.01419568	0.00683973	0.00066690	0.03381071	0.00012738	0.00360295	0.00576275	0.01793990	0.01011328	0.00470911	0.00147746	0.00807278	0.02754343	0.00089088	0.00016125	0.00158003	0.00665016	0.03322447	0.00389923	0.03220121	0.00253912	0.00705446
T[T>C]G	0.00379150	0.00014734	0.00463944	0.00225460	0.00923988	0.00479482	0.00114780	0.00129929	0.00857302	0.00386948	0.00043791	0.02670854	0.00003025	0.00184681	0.00191660	0.01365604	0.00457357	0.00097872	0.00355494	0.01441904	0.01849886	0.00146915	0.00014140	0.00027383	0.00370893	0.01465569	0.00108766	0.01469681	0.00101333	0.00390648
T[T>C]T	0.00208077	0.00032740	0.00597099	0.00100609	0.00930661	0.00095788	0.00105870	0.00554210	0.01973845	0.00430350	0.00022841	0.02261107	0.00010612	0.00103125	0.00168660	0.01051568	0.00405815	0.00062960	0.00173057	0.00239004	0.01486426	0.00000000	0.00000000	0.00014880	0.00941865	0.01289754	0.00105264	0.01183230	0.00165943	0.00000000
T[T>G]A	0.00042323	0.00003654	0.00273900	0.00000000	0.00253787	0.00027072	0.00000000	0.00087951	0.02920255	0.00197933	0.00000000	0.00105454	0.00029394	0.00000000	0.00000000	0.00374248	0.00006840	0.00001534	0.00132714	0.00000011	0.00000000	0.00090565	0.00000000	0.00000000	0.00104929	0.00000435	0.00074597	0.00585123	0.00000000	0.00374754
T[T>G]C	0.00069680	0.00001296	0.00553777	0.00022254	0.00445859	0.00101800	0.00071555	0.00229149	0.00839307	0.00648717	0.00000000	0.00266927	0.00022544	0.00096508	0.00023284	0.00676423	0.00877923	0.00243236	0.00132971	0.00027108	0.00158397	0.00000000	0.00000000	0.00000000	0.00051988	0.00246513	0.00031323	0.03342942	0.00000000	0.00333765
T[T>G]G	0.00092497	0.00015827	0.00840644	0.00187883	0.00444169	0.00049758	0.00060411	0.00457535	0.00769822	0.00130967	0.00018768	0.00091811	0.00000039	0.00010864	0.00044229	0.00405543	0.00348681	0.00047918	0.00068604	0.00031269	0.00022288	0.00212139	0.00014611	0.00077407	0.00714809	0.00104818	0.00222001	0.01190005	0.00021154	0.00537938
T[T>G]T	0.00134020	0.00001320	0.00720496	0.00050304	0.00716131	0.00237819	0.00061757	0.00400224	0.03481378	0.02751629	0.00013704	0.00195028	0.00039601	0.00099158	0.00118421	0.00985089	0.03267617	0.00098601	0.00059204	0.00027273	0.00016275	0.00000000	0.00000000	0.00002888	0.00435631	0.00143561	0.00009615	0.15988913	0.00266613	0.00000000
